773542
242438
549592
256726
512247
974428
932336
132160
816229

507103
177572

598914
896560
734920
401500
100885
831980


294062

831407
564416
85254
558875
281615

362565
985786
237681
108594

521015
592984
410579
511375
572690

992379
715431
498988

983573
773160
748818
408647
451534
644251
787518


303



30814
600183
80814
56449
775731
626036
686322
829849
285519

859447
594620
538331
782648
165843
801153
813690
821379
144448
89503

53777
219143
259275
348169
901755
59583
685407
564576

834015
484271


302182
160614
988097

304003

14900
389889

38806



400963
3058
813368
710985
286835
4837





624644

229705
746579
761091
764807
469326

499507
540363

336506
455369
586699
76696
478845

407323
637779
896729


56261

808480



396145
327106
422601
895796
17474

477550

292395
150043
496536

831502

329116

555548
484540
321808

29586
675969
687812

691628


987160
177893
271830
79674
258088
150223

257723
692501

801548
103563
596810
93546
873179
596953
827999
12701


187479
680648
293667
705116


249667
908072
840326

297878
267332
883915




180135
157962

923106
731785
372687
514511
396313


294968
943070

917005
269172

384459
256119
161107

66213
844708
756215
728506
842170
229997
158064
51923
839245
193109
755655
22539
867643
951332
401125


980924
6938
986761
527875

663642
562209
74608
836790
650260
579839

741592

52446
132651
179241

284084
676453
742774
546730
825979
48681
145374
197819

498618

429424
530725

330806

184422
925367
906916
954086


546756
915805
927597
917881
488728



164665

610683
650072

135370
382184
463506

513438
168538
867581
642550
940680
394614
926509
858593


839951
375376

936184
146164

150121
174767
519085

213781
898488
97599
619640
26739

255166



404455
237751
527231
283019
368648
595718

616406
605863
219034

47063
855022

909867
474883
514306
152448


730321
751478
775029
122717
65151

699598
707970
812578

432518
958723

574448

669184

405675

898196
594390
882565
694207
731203
455218
725706
691420

662262
661711
110349
60474
155936

684009
500398
197568
416517
868503
683063
753417

462130
156572

432570

977613
244364


137805
566424
849677


661418

707298
830810
368207


901109
117873
248583
906589

650381
521461

442113

319294
445173


583704
996322
819540
687557



566350

315886
513720
292926
30468
226419

158450
455623

151605

987017
945760


118904

635409
285547

391325

105306

158120
405335


3432

802491
502386
171524
798320
304201






914798
370936
201423
496674
597608
791863
726075
293870



366622
153783

205368
749150
801710
196711

166817
621847
507685

28980


133191
855045
980866

968238
626105
856005

993807
17887
777684

321293
508198


649510
25608
322779
967472
826231
387161
902066





292589
181828
511002
972233
868714
239221
501634
89380

23639
803136
111491

19253

44508

109241

627799


91384


49514
266068


478865

672532


844849
766743


784260
543591
512470
905828
120151
744628
200435
110115
975738
493380
807130
778611
219909
795894
358261



535117
372468
47790

476645
895068
656085
17350
490547
255943
472657
496428

97804



145705
691452
546737
342862

499007

202741
381248
445605
420102

394167

244841
375549
573996
680766

356988

98229
54308
353557
693574
910181
245931
818687
381501


663743
538983

555716

486649
612170
108127
777142
848503
692803
200444
275775
643556



82589
622395
202016
806508
21184

765278
47414
432474
997247
962717
504514
355060

583397
359557
181489
386939

8914
451761
883956
339431
186843
374801
804687

721607



564537


797078
97761
426468

264425
275775
885922
427064


243868

442838
521630
512085

103079
666358



342666
666066
966397
998188

324530
808146

974099
500225
335245
224250
410221

85448
378788
644558
47572

957091
131428
169816

50551
252646
512302
659159
149394
594589
546375
314616
12126

960600
448389
94113

625430
975780
591561
149236
631449
867250
872699

742170


703546


356264
8830
483085
660322
825985

721615
725078
744395

671792
983415
120422
68971
677075
761005
192980
120001
255664
733781
8869

234482
516830
378166


39631
649374

669097
18463
491674
636250

403647
403371
613695
630998
12362

153040


843976

168165
277767
920401

75211

55286

927519

363788
442012
106528
117042

753751
128965
790756
283183
59243


781537
126219
198738
736092
674510
255158
693573
738080
855009
107915

810988
432326

353492

961548
525510
855937
996888
574805


815558

594582
419047
889127

650506
520094
934769
432147
636530
898538
294374


216374

16763
149372
652120

90490
218279
838983
604120

31322

440680

446963


353331




29963

835499
777567
460901
677040
561245
124852
272906

610622
929563
165606
686539
349549
317721
392686

438475
599699
899694
962995
247516

326470

237062
912159

921523
105849
494662
947175

823047
544803
912724
423450
658208
125944

856190
582994


197294
746956

698956
151679

71567
458176
755057

535218
738648


381285


853755
607893
483085
632068
82737

39254
362782
467943
23498

355634
106681
1161
921772

901085



429541
561416
836632
792514
845999


166321

967538
584177
476178
241053
50859
171776
575754
997886
737448
918963
303537
193794
154525
634783
135852
682057
842411
136239
495662
215905
38404

77430
176631

155259
775663

88053
965732

903936


16645

391402

199894

827626
991271



567163
593557
652237
517153
299705

661151
358635

616217
160883
986659
168111
266402
586336

865222
121161
187758
340292

177012
16590

805359

735962

433746
414729

983771
568834



363429
403616
826756
327491

229117
531445


560237
623656
565239

107685
96826
353183

957227
459748

684263
141447
832424
661131
412257

470900
798048
558216
425979

911431
853839
174563

697253
480564
56677


518525
948234

5937
878664



828921
513962

831232
160434

230359

829334
443236

315654

592253

632031
58900


582903
124489

915847
819318

886724
872762

797834
674438
70953
872441

359915
343053
375742
632414
766295
235289
831170
884427
966847
514909
881599
287707
776972
5134



961066
479185
57921
28217
166802
180722
213340

450594


282832
627244
523298
407313
893260

834623
393157

711608
370855

565982
742593
330837
361226
128355


327065

661092
436721
475931
625447
69924
655639


677158
345926
968374
657460


547769
168964
554105
177824
883895


315002
177999
590109
132948

298503

580091
307905

722633
702511
714734

581358
991987
797801
866324


628593

819474
979682
413173
116366
258456

849778
53102
95703
532920
565653


126045
721791
269391
720316
22023
15514
235542
73763
284859
581810
1887
317083
837399

410323

553888
344909
396768

596900
548130
618177
421083
268342
693987
430479

766223

219209
666803



948644
919373
940061
955267



528499
395608

125281
130096
291109
171523

742551

556388
196475
164721
566041
221975
773424
769686
913292
67758
602717

537135
913470
234633


847355
227400

643648
856695
601600
885315
500179

355474
677895

200392
485728
120660
7019

754510
53829
144378

332973
908073
233341





295793


485159
590368
955441
124728
263837
150019
817238


781736

141602
48838
639549
406817

613795
211198
754922
325489

553752
753288
80860


273980

166159
432832
574547

747355
592407
548379
521239
341131

70133
335747
723516
201583

445452
794591
754517

615980
57961
454
91908

19871
450535
911788
540454

919834

559722
323447

70350
137355
641666
663697
269698

506557

325176



643213
913527
767221
580933

202187
742210

685328
619652
396608
313758
333422

150261
292134
821119

961540


91247
174925
972373
244254
790700
430467
677349
847706

738362
58435
469049

806413
392916
914018

905195
309857

462424

957660
93765
509483
693570
905295

82632
896539
874419

151266
297414
411456
609670

932799
321555
475358
965203
151812
185556
911085
606482
518190
270039
134321


520682
617697
697310
405361
519824

624112
896152
831310

765817
531439
788607
548258
172677



949721
582536
812012
192260

350401

145567

792044
376580

914673
449969
959641
584046
92995


717537




148480

832838

939644
405097
957736

453409

191662
468211
118728
968242
380887
968446
336595
461416
679185


909981
445792

666554
897157

14956
601008

68292
35493
621936
402558
55199
565474
921779

654844

638284
449449
570153
898740
275608

291239
214107

857654
519346
500110



914673
356678
185408
495151
24882
898402

163501
113950
309847
851386
405831
747318

938300

579830




934230
112715

373635

752125
6127

695649
899711
794384



413475


911240
614229

643203
861994
689440



153838
438330

285894

98070
690565
25547

466966
103937
136606
858006
946725

150844
680576
382374

606020

640699
834532
113612
236253
403277

914664
989665

749456
222426
491128
295693
955575
181590




759779
776491
539502
866378
871592
620608
67637
623016
434883
527071
396708
217210
781131
85360


453584


509257
471983

195193
389228
652097
557523
566108


635347
998828
812366

703420


182174
294030



24448
497022
236477
763146


255954
691910
916288
114653
178104
640741
293431
332268

860178


710232
167282
505764

447932
615002
150056
164462
17472
819207
922659

279799
596619
973831
91109
43270
801108
828823
149928

180794
437462
859489
670128
227177
645464
342245

203838


915701

886859
998181
954804
70300
653028
113452
550654
974637


818976
317601


98493
257769
700708

742104

610197
852423
926086
350525
157209

814050


281004
594883
295412

899455
465787
313683
742784
792136
501095
356548


599625
739687
364999
871288


212526
998543
322326

590194
5663

525754
548326
990021


187868
43013
433528
692210
357162
489303
862139
160454
872470
100461
239230
521786
501794
785484
562205

890337




183855
343427
959507
862710
820708
20011
633433
140953
963921
322825
32020

117139
368460

572237

294135
771128


908585

627583

876910
530711
613131
218383
230836
27702
368914
344339
748901

105760
452705


557970
485448

190279

443652
694834

520026
173451

499630
917999
518128

963941
664737
600403
194045
845969

49021
439585
869756

813946
550466

874627
392321


532790


811820
321173
485261

146916


784872
102124
372515
93171
401258
614287
249205

525643


996100
84253
860370

305833
919703
457763


243951
816952
592059

989792
21801

765888
673946
317775
901711
342081
926976

879998

604944
26932
795697
78126

43771
859371
297449
331066
133015
924819
547348
36641
399697

573938


688546

786859
161045

923368


105874

600986


984415
534410
725387
706242
651043

102075

512123
585234
469376
485319
151108


928488
271640

861431
482229


440618

309252
817126
743268
274038
73166

855984
11311


114386
205244
845031
648782
664356
283057
451541

876185

616867

334254
807774
68820
150810
699504
41840
625427

739690



60687
730627
698517
997664
789316
105561

147354
26639

937743
637597
798194
852256
62903
729150

935695
673467
365850

440813
965869
992583
614679
630582
399725
197937

104940
552524
550818
448521
52557

437706
438441
1749
987146
286536
540642
706736
899436
615741
565551
520768
519079
562454
66181
670396

181282
68637

956135
474756
605347
95730


766474
294092


861711
305554
917132



230251
152542
134631

798218
133047
210201
3395
18231

70236
840567

373463
548494
786829
655447
437596
906860
213687
644824
335449
609181

399556

764907
297228
857811
702278
518389
246311
492649

40092
277553

544239
427751
483552
772878
783137

358175




412738
145740
118013
758469
188592
915501
677052
801320

178474

255999
758374

381936
151323
447821
895627




48658
605835
798772
125396
646446
473007
693779



155673
500025


374461
902155

942319
744523
865918
769272
468585

544409


960151
607036
696323
225477
782504
692152

146907

276474

980627
304529

597723
555643
345732
578686
586112
45942
848821
975344
68538
346115
705592
114400

738665
857455

344579

240570

972277
884355
750602
307148
342539
367292
720717
803178
331166
410637
363823
506142
792156
521990
706717
518175
515872
609847
521061
848255
881563
552559
292850
748860



382100
717476
573710

407678
867972
505930
684284

426441
551261
451255
698507
266961


721389
568268
277023
897046
719337
586391


959507

558778
256272
437346


283410
893613
869897

982899
95440
789346
127049
410102

205547
491191
330458
771136


456272
267250
974609
10792
462602
349921
333617
410192
720530


734140
600674
769376
750161
811791
575058
149609
757617
992358
339433
414172



128306
764848
154797
178626
787063
248114
916850

356859
693962
403384

357180
97151
68119

739920
798840
395001


756370
478266
290519


1070
555834
399794
721063
91607
966115
721488
926734

263851
284983
678766
527979


137675
722377
41675
482748
617040
588707
210151
917385
460931

839202
791971
746917



643834
730146
844232
654289
790624



838179
431174
721813
843627


107272
732261
925939
484962
858779
144366

923605
93173
131064

759573
848225


892931


849070
588304
395222
559741
669928
236130


187669
63871


368214
272215
268942
214222
732693


682393
509185
385939
328448
728812
938062
280881
342798
876763
486056


105206

399542
370267
670421
830134
518491


318394
801603
580634
170834
109184
18072
926162
751364
296337
831665
849908

308432
508823
812800
594546

894689
804358
775699
663048
84540

60442
869603

710830

361610
438270
201783
199079
225929
659313
420475
76756


610061

356069
220252
893026
503717
529476

121745

893411
815127

823503



552727
29061
434173
206087

176091
957679


303135

627704
257579
764271
347696

894901
160612

644578


85181
370033

442135



417988
45258


963342
152837

59137
358003
637080


320250
752240
937453
603648


405854

63109
632272
341127

58250

294520
144726
566360
669941

365554


411079
306630


500726
611883
837173
666941


262125
566495
529512
416932
327600

981082
313456

489052
595168
995724
944101

290666
228477
690350

422745

898103

247722
199970
601850

225605

186077
543278


317084
283060
230678




412688



964533

835691
567828

422377
702898

542563






282331
997353
352949
132832
34855
588273
255737
855173
695571
241456

540678


497263
22273
610341

254441

812122



915223
845541
647852

508691
450516


372196
934687
222258
133297
108949
820633
434870
704536
826495
702867
137261
751840
160163
572678
824457
738033



307203
732340


371207
928670
145352

874026
221988
572335
247895

190501


384419
722610
554503
45768
815345

814759
33455
442493
321773
352091
516460
843240
98939
439306
795003
53943

151510

341652
514650
457713

339791
408050

474985

327302
937042


15690


211016
794800
235978
407944
787062

492852
962511
747731

294086
504697
54666
408988





38682
159214
852804
694924
551717
585948
495921

644521
949222
697155
846183
258326
926542


743702
316755
306839

346944

760181
787509
427556
393294

133485
625111
966220

188016

468818

228765
152971
917496
709580

54992
745799
282660


500196

636082
737433
401583
84483
962943
915311
536444

640682
333677
446993
723491
736172
222760
597316

528653

356428
579003
685072
240280

593275
219709


890978

704050
200076

725804
256089
599950

849261
515745
335604
598513
306939
199867
177553
547061
21977
207905

504325
230029



509440
643281
892770
405041
279850
710659
358158
492679
293755
87580
40302

817666
734989
225700
571121
985624
952013
55357
140507

274334
594644
541917
961940
272818


518308


21709


2704
771
491732

455365

150728
230847
486415
44794

718022
947794
199744

55726
142862
844388
624950


699831

63036

994878



483431

725739
424358
611338
611507

699691


168928
631945
239862
232445
595383
917835
656217
671166

235910
530900
250302
223825
50036
227652
959663

495210
957962

600762
8463
620272
256814
645286
261417
554829
208466

292435
350477


324038
315343
578572
707630

38196
792061

200123
388589
423073
647830

595731
720257

165317
235862
861504





36509
723434

40104

825513
356671

568618
62032

36353

440298

152922

597192

807505

846268

16525
746860
794673
28519

780626

655905

539982
700532
681262
782991
722505

64960
911454
324385
342935
506957

608066


124626
37052
136688
585648
673652
360250
559053
181294


512297
662400
99052
663613
814860

794571
12144


598448

706697


350696



967552
399443

19492
238124


635443
126250
146326
5306
170498
2950
20213
240549
427182

475927
630662
429716
786215

25126
86867
23300
994597
725482
7721
350046
3669
956520
539987
478432


805969

103475
141237
349585
378960
448594
893661
86442
323088
906144
605077
263611
540045
723889

793632
733356
646292
968510
275224
51671
448141
716203
496320
730565
614424
107498


15150
581682
711557
282705
511005
133925
994820

128302

528750
624578
513130




102941
365397
235371
677580
945307

569943



86694

503401
397527

350860
117902

626789


621400

300506
196618
717551

553281

705274
913176
931001

323962
779412
758189

610360
550449

479795
899440
740834

915133


867101
255765
670270
651736

367430
579295
716992
496156
488497
62686
497755
470377
624741
372632

452677
364051
522473

928592
459048
338833

20329

319969
457751
604619
479912
869629

680522

66776
311383
421889


716330
842062
203247
128103
7853
276574
57158

282649
305373

544568
791772
838786
909335
446659

280660
624455
973706

444556
246059
331891

952693
585412

744784




415508
690242

154790
364905

910678
603102

69542


49975
488568
904876


498907
88439

947714
219022






463170

778377
522406
29081
829135

865183
261091
364655

991872
605928
399980
130772
709770
404288

345986

569964
696624

740892
606960
352178

88090
165773





767233
670203
445011
989582
817977



560454
625272
143999
838284


767395
592705

221671

380211
755586

852619

235465
173077
153668
880440
533631
589946


651428

615655
911129
781086
349193

663367
700965

620464
832165

366213

681541

76590
794832
589474

983454
93368
509263
390615
715466
793541

745710
482516
688704

832929
807458


736217



609086

244142
250326

129700

818491
948920
660071
771012

563008
743695
770841
539490
468486
222682

593941
994321

20104
895069
344153

149271

404422

678212
292785

416243
619157
213943
356737

426386

842115
384067
143170
567710

76684

325568

939898

167164

887974
271890

484219
265737
120290
130063

249043
575983
444916
511852
410067
14376

296651
25788


488697
676308
341393


463839
838800
105496
744621
517825

908164
509873
941708
82523

735016

2508
522783
632322

361543

456390

247945
960253
813978
66434
335845
606962


103098
398892



328671
978508
638386
650002

87643
800747
371803
541463
466048
903234
90866
46899
139336

443965
841274
864008


252002
529834

567589
316873
681936
464265
746914
355308
552080

622105
426773

725555

459065
223470




589176
128022
713868
816321
502272
191098
798463
434622

324709
535062
828759

649550

828626
138042
109024

820865
641910
733977
623197
25289

445166
135041
322728
531964
41982
313796
752803
151057

353615

919716
100461
980459



803067
347285
954988

394967
557487


75559
922721
370603
457840

87693
714845
268180
784956
164620
457289
5291



359179
523987

127788
612921

998975
861840
62483
553490
197035
917115
409332
602603

909045

251359

455577
168339
27505
333781

231540

79794
962937

907379
303811
329326
299033
551516
604380
806231
971804

87606



103035
247690
965721
768296

403133


692727
741356
108851


747244

496406

792046


432052
521688
675226


861509
918390
305443
372879
309586
897934

794995
39339



791507

75632
698195
121863
772758
887924
948270
570683
328986
426563
396299



997670
586140


520551

858737

240276
645907
109562
472532
497190
914842
51719

527613
323545


953142
417516


831155
562169

878384
159661
639042
267371
877450

728367
201433



268550

675204
832139

817764

161434

390706
125455
686232
211831
310315
544912

233157

52170
27323
476464
120980
904940
373518
848651

729504

423437
431722
517038



3414
956781
642868


935526
313361


658895
248319
346529

573385
175236
633664
801823

869736
756002
794862

984990
45725
312553
951018
260935
458979
371567
185985
41229


551210
648336

944257
360182
814893
238324
813034
164428
155035
18181
368466
328464
602364
611851
593072
250421
42861
718051
596547
844467
870846
806298
687252
735616

798416

43189
200611



203884

392540
834239
397509

253130


719770


889700
561206
981123
611819
812201
22437
169932



763987
844791


656303
692324
254568

828993
323031

104756
465072
975350

665496
159155
130955

856494
351533
357637
129789

549037
655577
476884
845137
541761
258762


343314
219579
345450
804125
645187


375499
30519

67499

818815

260383
40904
221767

725771

107423

13158
740882


702308
509922
244121
12714
931883
553642
7457
691493
999370
147233

252733
897558

306184
644222
116748

102458
52244
556186
633513

411594





632212
146793
654514


589703
149003
383550
79946

458548

59739
989907


156969

531182
769918
455405
468651
959880
22193
148234
558454
453398
436658
532749
694986
556119
81254
484876




750464
753737
316721
512886
480905

356103
329693
477156
890824
998540
347035
921030


127783
758143
294210

907038
478864

958521


315451
701319
685688
73167
194322
791863
979301
494711
327969
520435
875350
284411
102909
731530

93523

327598
460012
90800
880118

214548


62787
960413

139476
708390
305198
899942
199088
652332
818890
774276

472971
840886
686376
209377
767613
660823
645813
488754


364028
646995
684316

432078

437308
824580
613101
666745
696878
204483
780438
892221

258938
769628

801617

722788
507008
213059
307344
62809
161428
524874
223664
391300

574518
171163

29262
56009
490466
452565
571140
944079
101386


432943

633448
576306
781408

585099
925619


513514
795544

724733

842566
538044
447598
648073
259163
264611

71669
646835

416492
783527


98343
111389
931111

53297

356325
280586
849233

66507



79057
953706
233697
413278
142068
952735
381057

989676


751640
429983
376989
720021

176539
154221
940501
447857
903706
202265
418380


380505
102017
251397

954450
684945
721514

605911
711302
728539


973160
356095
584980
570904

990214
470661
606623
341379
804940

263312
18514
289696
435400

743662
196223


732918
90117

642830
488841


864740

813824

806889
506723
20352
198687

733123
96463
926291
434071
504700

342364
698684
707449

908879
29844
401472
6838
256639
237416

94217
331800




473715
82507
511335
999918
438968


122485
629628

841059

833091

549230
202906
417833
306014
119162
143903

905559
568820

828899
194596
738342

590565
903011
858620
265498

790006
511139
81421
940305
771045
73065


187768

319803


382620
464817
331368
172450

421438

702940

455556
896468
647621
719489

78350
34704
607978
759716
480865
772550
225362
170135
654995
955466

41360
35205


8513
350386
720221

115316

420929

515648
251609

308536
22977
348209
561239
366236
670281
745523
415944
150846
383946
112852

684358
216714
90497

77970
456668
499718
424821
928499

615363
258902
526072
392972
236285

219362
677485
570630
459499

861100
481787

116745
794431
299795
192261
557112
751798
938234
394569
88310

37527
517483
503578

847301
366034
361098
90900
270818
370605
741242

165095

471069
462270



46183
444834
152254
995169

801389


819448
85669

557493
340964

506328
510557
29436
719970


600214
30505

863745
719914
732054


733941
768966

971733
376369

304258
759550
338517
203860
427708
623360
496169


685693
696992

997510
612206
757499


507814
575645
423984
319359
181661
759043
313109
126306




800406
903784
97216
547856
325039
536649

630893
637388
376323



962845
131839
97032
651954
579493
55566
615297
44647
418747
445497
100003
14186

789686
869404


318706
314935
863508
745042
484362
356203
168356
555778

348363

322861
851457
887172
704263
291243

51144
954697
925695


679065


428173


685543


869016
305047
460405
753248
103695
565267
838720
697525
31404
370704
419606

730795
44162
89884


688812
451534
109812



421938
745557
560380
213740
599957
525104
990729
332113

851234
834941



735808
832783

734637
655092
58343
811189
969304

893156
107484
168441
383358
555986
901980
438779
131990
60568
990641
717566
860203

163985
779310


244459

39789

512526
320734

800151
997136
378388
332569
907342

940480

794312
759193
901164
856199
182075
677304

569607
170287
982230
559950
632260
704206
822724
656799
484862
268939


410738
974030




206253
205515
769209
272073
918776
365470
167445

540935
728410
87082

203352

732692
387545



744467
737390
132753


902438
751652


352588



393232
217098
885879



796393
743923
683088
546203
672109
999441
214446



933308
163807
215526
242104
710719
392744

684031
436701
7698
839235

48484

42446
828521

141444
358281
118711

744179

272807
979165
568468
27339
261489
523587

366479
958426
395913
896048
765194

92781
583037
726417
848161
95358
529177


760221






376002

212477
132452
950611
235499
796182
66546
105439


82653
428680

15508
101857
862307
468678
733197
212618

53286
233151


439455
743224
145449

389293
787699
745103
972027
136435
297952
315920

340277

829581

526473
571793
484382
347784
707136
675256


322618
47292

949845
389668


251930

147623
324233

193911
16413
261729
605991
312815
516333

806982
133060
597650
890579



201507




722537

599142





137513

903053
945031
334204

496677


803834
584899
120949
928224


607658
518070


589316

860345
435723
306025
536316
970858
811265
810655
647699
231070


657255

829332
672246


200953


170174



816129
364661
609803
784185



430176

992174

946995


132925
8162

65075
456506
386206
2633
130721
407070
882094
119153
653608

987553
414390
715576
472923

807569
472388
457290

538938



521001



958602
44299
274492
705595
356488
885145

927406
26899
22229

381277

159519

840122
75033
546088
574769
816039
167968

96812
728938
669099
995982



771041
926401
546556
810680

928517
777484
664985

627323
102564
145311
909629


266577
857640
755998
498608
619197
324101
754223



978589
831894
925211
149062
65022
108445

993647
549948
590030
972009

490542



471119

784035



557551



394315
935415
179643

695783
505225
592922

232340

906621




448009
563148

801548
471617
331866
925872

162609
774663
664617

480097




515900
506352
946171
170434

556178



175271
199884
79359
199835
932965
696205
603861




155918
35037
241111

497756
191695
778080
751212
185422
996551

523111
431041
63310
515867

628893
244466
349510
953649




376936
152661
87385

695685

652100

67756
769083
925995
879342
7846
161829

601273

961888
851245
902065
17857
690645


327444
130337
189140

413347
437908
377372
853190
492996
941715

327120

863781
815456
10579
843389

291655
350492
823496
679135
814105
866636
799999
914068
25605

559532
397774
441172
979672

461619
548104
913180
969751
50834
266553
495727



613160
70499


687784
759918
96390

205996
411906

546375
707916
100218
887480
453385
862572

220688

162597
13086


756714
352959

835790
504760
510193

637940
429012

64000
823502

749216
29496
287743
254622
382102


185044
741132


112290
823165
292828

6335

254881


560964
756963

847467
885451

168522
684575
885797
734628
599124
173171



505773
885383
47802
20963
241108
348670
680180

303745
254322


251995
397206
323177

286073
642787
317630
316435
31436

811963
162264
930083
718228

58145

621023
532174



522210


645179
356714
288546
254995

699699

187545


548160
164591

564568
260519


411988
766698
784214
794509

35491
720988

774762


928689

375224
672347

734530


297574
981931
616545
733402

867872
764470
292200

936743
227467
202869
750083
321085

930165


956946
680082
270924
783916
575786
580958
794067
200699
294159
844886



179767
608597
843542
801103
558744
474299
144663
164666
605743
853170


246221
383950
782721
362667
223627



378189
986028

378404
241343

265371
590368
305901



687234
165292

604410




67331

54601
460113



292971
869546
821659
173666
914152

881820
261619
464694


84093
127063
390138
592332
963660
302492
502364

773157
178775


445192
578836

573053
675869
489035
473612
546726

489515


1476
974206

663817

329695
458762

32535
27146

187930
303327
884865
881393
294876
24665
943159

44630

752767
382092
190637
824255
14457
789048
136976
103764
633233

48022
688393
170461
831637
481720

349409
306664
175372
484440
677353
13629


285571

448255


250976
92476

682619
806104
440002
865861
334889



661961
104064


133090
81225
592147
384661
435296



76207
723830


732240

722057
473542
270177
262026
920023
908023

90183
169848

834006
540283
685469
342055
808836
692000
576566
610912
581902

621539

743911
954144
6062

238050
468923
733564
71118
410203
465408
325850
376644
311321
421279
266198
179038

658666
596399
265110



156283

559207

531468
46294


408354
508858

791114
718123
962687
457055
835544
543137
787187
591239
238081

272995
998049
632159

103977
492611


992084
701148
251384

237627

823984

157459

989137
676410
26644
310416
144024
402034

72667
484283

379509

927231
698883

33174
341676
928032
419258

972993

310016

776821
261395

369701
445011
780427

334657
655971

990452


345071
329711
104643

552596
317053
336150
648432
21649
615971
349616
176182
954331
276059
798662




512371

153025

347655
420640
332077

971665
537684

416581
537961

520514

336673
43058
944841
360969



684258
262862
710664

413523
456008



32199
558498

334774

481725
821877


89673
656618
451072
372154


226841
132141
121351
638398

730049


895712

78774
873251
392674
505744
622210
544302
768863
25212
72157
540613
442927
753149
250818

733908
820949
392790

398766
749419
922809

662104


721835
67214

670850
739926
484157
234251
715685
491847
497537

422111

101985
449431
44326

132303
467066
149286
189372
570289


685097
441994
17505

634849


72541
756857
492756
720666
91559
573604
500277


557264

449104
887161

109150


763174
593186
6548

700494

944515
334258
337346
461655
717042
838137
167492
630336

86880

312259



402296
660251
74329
972419
636882
874003
848284
776141
654051
17799

49987
93355

198700
305762
800264
698487


708408


779414

8376

769950

562179
971653
587815
11032
256060
176054

54708
31468
887915
34186
120715
960261
940347


244067
138163
874159

932838
743799
336109
282375
493967
162521
416227
790490
685824
439549
826177
254858
236220
831709
757065
935933
778945
253958

803913
526671
903019
305124
504155
623677

766765
216523
952099
777797
130406
437346
422315


330342
283339
63325
672220
929781
408788

428758

922426

898641

452623
706822


516225
174843
601209
902626
111840
104197
26295
96313

72113
603395
615752
981251

208714
862678
576173
429936

864414
371112
136226
820260


411555
575967
497622
998590
511527
66949
634943
60772


301057
169957

691979
406972
685844
87728
833018

189740
65682
82013
207376
532038
771243


948347
238431
151632
751279

256892
776746
598289
467165
150465
70933
75994


101511
620434
195497
860583
732636
599131

422541
220292
349218

555401
149811


455584

889872

950988

457897
559759

486977
621861
120972
307192
251407
580760
842405
844624

57731

162810



115397

291278
88720
570778
529851
99314
402101
561202
44769
671508
118527
133539
601378
935149
655599
355458
17842
302719
391210
537009
71443
937331
754582

217214
355416


387555
412572
592240
729891
422342


594145

162864
62780
153670
534233
459985



929804

880275
155627

228929
756370
546959

619406
765025




214764

598189
623713

448204
939702
662181
887581
17356
187739
998364
450820
146835
69159

757974
634629

129247
575149

1958
419309

45458
477784
206590
118282

479300
141760
530588
389893
3436
524820
521901



248728
414151
945925

204401
47560
548086

526960


416337
587223
559769
148792
58989
69889
371220
946017
505212

477793
745262



545502

477559



832477


785882

699863

733757
49706


262369
130786

463281
854263
619728
891772
887175

835459
7594
598066

146709

159343


368716


982015

666393
837869
648833
102489
623205
793977
350682
675964

627291
804305
234026

60956

735004
520023
542210

465692
182266
420921

27762
110292
613425
263510
327501
448361
421078
439226

320525
883598
705114


416454
4666

437353
81172


813171
254367


772496
731447
574712
450178
685860

135733
883806
35592
554664
35784
563977

240551
366711
799344
19932
376535
762197

272325
230351
932624
444350
393057

258225
874510
118575
164496
909405

185110

995495


874215

157357
553801
417085


35736
485057

891148
854020
408966

963541


904053
421054
126461

812872



874011
851821
992136
212718


688158
352010
497388


866331

167459
185304
992632
438675
484367
307685

569235
573021
246545
373788

611961
477683
507253
677398
941115
738087

868190


214595

298166
118210
113253

838248

77114
469498

483058

373783
505116
117240
969808

596650
979694

291133
708935
906741
735506
137804
762806
994930

858154
369191
748198
66136



649734
666787
254886
374853

109410
63667
870146

65060
560543

34846



356335

735919

156353
285166
851959

823557

362621

550415
688409



141744


620102

465711
786236
661216
934028
542078
830557


931558

414507
150394
986548
230595
255398
174733
604156

671428
995797
825637
642043
738701
333894
64384

155187



213660
184574
882535
766153
535922

148597

150423
659888
389251

211140
856070
576299

677648
35311
7856

407743
798045

191706

596094
755849
318000
279578

454207

715687
721166
142578
892095
873395
717940

471146


330623
573328
442484
975682
607121
552806
927713
247698
937970
19686



740372
820690
105205
165253
166701
4036
22717
294980

199004
97791
515591

177946

26250


919682
180776


124039
934686
227000

458937
906866
524928

107294
24958
6054
992472
728630

949474
79728

378370
644146
223173

810527
170396
400033
490847
795922
864635

963883
535947
590570
736630
927220
271444
198554

953579
814935
759333


87729
584742

201390
754081
361618

263866
517930
455455

831858
299557
713315
114046
869373
731668
257718

521098


168423
921906
251746
561344
177883
959898
818949
719673
781375
964475
242545
435229
885048
341201
361119
658300

715297
76709
489243
926344

257001


436530

906753

780493
629629
749161
898054

765918

626243
797639
893003
821092

647036
991099


15949

970323

31583

673070

748458
425721

581258
110901
139201
559285

755610
172517
933821
332730
103548
642885
324057

694503

588462


337096
797638
915755
963771

688033
724974
121484
539016

295642
661274

688747
315995
370392

343669
182898
974273
152950
78402

387667
185822

69983


512735

946966
895516

507390
732753
378253
663383
186626

415077

292341

730198
825606

812306

84812
886588

829865
755835

965368
164628
302012




249867
730539
244196
600222
549087
899003
569206
485450
18171
887740

587972
291769
919047
427287

587906
153793
518411
316003

500158
833127
20019
426015

712518
115987

906329
437087

154895
154293
516768
759526
350907
888240
65373
94335
62242

944107
972977
583711
155507
682292
302576

274959
965868
915562
59672


374327
838294



198104

310874

255713
152205
842342
302808
718800
31824
661324




208700
685316
315309
484534
880433
999641
301551

650733
899955
43847

383675

600509
244320
947162


19414
723306
759859
794239
309063
224107

368405
63947

890902
289487

962664
978066

92477
103770
712665
782442


73549
342946
663411



804184
541986
45416
261008

540856


692197
852106


298437
534424
127355
289030
819651

910394

154424
705739
698096
242677

862533
15776

571314

941771
290743

332912
323069
785589
870675
185398


116836
195199

780812

289961
283250
986888
22223


840588

767945
49283
78180
122414
66402
280925

108534
517154
323826
313128

967490

905228

173209
483148
521289


859884
87270

457906
989156
785158

391889

528587
256215

492657
730920

643719

220027
197685


250810

965199

835501


670792
264696
461879

788928
786635
550297
8539
987674

483350
373416
762187


347151
791188

981959

295371
968409
951847



430491
453202
943293
435142

346562
818419
993178
703112


884908
279211
11463


793434
101518
223022


219877
73982
601342

598343
699328
460978


313067
317145

96598
893639
73503
905715

735812
615901
165781
765333
744834


453471
606845
802277
727991


544307

14379
272926

26369
410019
954505

363589


170478
21906
547571

242866

71516
63516
481290
877679
477022
829237
248102
818904
432734
608224
157966
56257

756591

720792

583892
789127
96002
841187

88975
84489
42603

434793

209316
457581
762684
354142


905651
768077
214430
779597
59223
4594
299948
222722
155072
33302
645558
452933


835628
132390
912291


781844
728126

237885

717088
572989
42073



808425
352112
926462
169499
209124
463683
103187
130257
719453
448300
666435
56618
494386
165164

429129
567189
209285
430340
480842
968113
806209

629001
112147
484549

721342
641843
661020

82165


397655
133893
478547
40892


55472

417990
650895

855727
564561
402832
10030
701532
50912
119788

947033

759010
101514

110756
415462

805490


960556
311929
559393

127135


274080
164947
495616
646719


515547
121290
553494
64694
807275
884108
597571


360267


496705

862827
319368
47485



178115
293452
628493


410267


880928
494680
801821
725865

776806
348259

182380
819329
731659
640031
751355
435307

106643
877104
214475
271021
723137
538083
958692
355445
86724
201170
498938
933443

943191

534624
796850
889954
953674
560723
198990
646970

423892

187461
482710
511380
722886
415848


596240
310792
678071
372457

927648
361321

407348

161294

992141

793370
779830
934529
382946
866120
260380
414536

635133
412785

17507
80642

496754
987152
598038
680771

308868
199925
473226
371334
347398

691699
981919
730786
583743
225918
752371
707566
689873
431933
146460




737245
873482
286592
488377
999150
749241
707914
250182
3405
556142



613177
634204
448025
413730

423110
980914
158695

612942

878598
943873
106795
737719
243437
612196

104867



886810
994594
542867
389810
529572
709103


568947
697492



337358
460042
262727
483695

870198
305756
189516
579295
793665
71749

984313
123623

45566
315650
584169
24089
314105
860936

596347


615714
308887
353603

982552
514549
288735
35217

181210
556105

961448
713599
923562
646402
171317

85264

412554



59220


117767

390863

816608
885295
92259
626176
28641


81766
802143
691973

898845
543220

150111


422215

476576

713859


398944
656446
740775

344474
366934
938154
548074

168706
626420

734422
395207
217437
253735
181554
31004
460157
896392
277870
943164
975396
381102
17437
785755
771925

706223
838468
206775
891001
45536


620417
290367
74700
141019

614085
270133

117741

132497

834710
434298


424610
496409


468064

266525

393814
692293
321698
190598
31401
799910
727769
172276

254752
239432
173643



599081

779719
912868

586881



229044

118851
771483
14001

863134
939168
239979
165151
10720
971149
652482
207503
234665
196606
3036
539562
63283

400953
22522

611725
246455
124952
922443
974468
149986

818594
147802

759923
947834
275343
516092
852185

246978
790972

584581
387667

940455
83958

952608
667392
837344
900307
391335

309069
359221
971997
14333
954565
328777
756247
943488
770942



371465


159954
882438

912869
599270

568363
586187
421377

420236
751889
635536


857941
323517
516044
750
248110
174505
856432
525243

461112
363473
775081
659289
474244
626811

297607
595611


577252
846616

306372
208626


54804

703882
876472



787178
260214

258326
927606
6122
575215
83673

982781

103067
406377
191207
86389
304125



68272

85516

780980
274185
76638
194498
958399
930320
630715

465485
405031
198120
583302
332668
334732
930272



776456
408944
46993
467555
674806
684077

293784
453717
694342
867473

469399
510173


119019
291692
563305
98543





345231

513433

847201
620652
735367
178375
460761

966726

265925
69285



665202
130563
161200
758681
984515

392404
82712
206394
565044
592121
186454

512296


974610


617578

130580
519065
275503

321093
596968
139510




748548

87973
959954
910791
960467
757230
586894
920379

221003
412377
78291
378878
150896
123288
648797

24242
188380
684792
198507
388498
220888

910146
759105
168893
737677
409970
175746
795602
895403
234294
977782
820656
510382
627230
455986
107097
486882

491431
964840
919873
911736
290697
628295
922315
675792
410078
194051


552547

958503
19333



552150

642067
315090
588743


872379
111359
984977

816324
178658


83174
205955

444629
604586
862052
235959

4734
888800
340719

743707
797213
867490


493680
337343
867727
294779
865910
748074
635481
538341
487232
392684
210346
145678
879123


112891
990384
565592
60315
116254
462922
261939
498346
11961
866307

149722



575823

208002
307732
514918
859559
623151
671924
948188
141086
986886
768853
995702


385219
274875




794404
26764
340324
265408
417660
607402
374593
528608
93209


596364

13669
95131

279218
29300


550089


61188
44338

264992
649301


795883
611413
304181
928594
633715
916769
63711
462128
266236




218199
86876
222720
409885
231699
789967
791465
569891
713772


736346

318759
820682

377333

823268
760080
514565

684345

899249



772659
435759
826707
474249

531025
124475



241347
913354

810537

932390
750049
992019


769130


339990

569339
654509
265484
744656

795659
250672

240518
616848
493681
532159
983205
580496
370297
13549
924338

659986
762537

303898

485583
97727
396374
15762
465714
589738
946170

206768
657200
38913
424895
910535
564501
597841
924109
773179
875249

432405
882251
415816


19148
735847

107389
624322
319651




136511
683181
552030
824657
403838

14495

897683
841947

251775
673363
708328
712242
722616

635284

316096
867004
268429


432401

985606
466150
491451

246431
823537
52744

246280
512433
803292
342526
844142

442271
873272
481825
828237

158311

383661
320424
18778
657375
215790
663752
493741
620419
897711
940298
962351
60885
345918
427006

764319
178182
17497

1905
373318
500220
570651
256073
748153
523736
900241
186066

878522
808153

500750
544977
289786

342159
281134
969526
612954
563109
824063
642625

587106
389207
160145

406573
491567

610916


556294


916997
824181
696047
229460
891868
918507


352015
512645

508633







208058

967018

987671

929792

560679
620562
263325
370026
391501
207169
37541

761765
153579
832968
268411
871922



586516





718899

719539
775136
101198

614012
430717
235692

426423
615739
943816
579165


212253
427175

687764
626461

392747

49418
429662
297067
319532
491179

761796
953710
405595
109994
657826
408154
95295
294740
729651

604743
75238
744659

390877

588245
577045
556481

421308
883025
38394

789553
891160
2051
486977
968177
540172

755563
293984

31767
739216
942110
814796
274378
924022

53701
902607
110566

423688
947056
343684
638189
959560
573632
419619
569051
657024
904967


271412
7302
948722
999233




720167

382576
148438
980985
91543


513991
474195

545513
801254
584930
444285
556488

587448
927548

644257
936723
556064
109393
71972
421731
27660
848163
431025
539978
625443
290638
427722
619584
905394

421334

733561
484910



416124
10159
490033
938613
745666
961884





909698
764629
748527

484103
982561
252724


915085
311485
103807
762538
231449
125503

189407
394519


790469
764404

777994
363661
474177
692246
484232

23748
894481
110239
754365
186280

322137
428504
964841
575362

503598
140661
534972
991385
136354
242957


907546
883107
424885

958466
584542

797595
951492
682346



113267
740598
433907


706195

620614
916920
706909
634502
221017
618461
350385
506887
255224

202779
507394
545692
918689
953749
168488


302250
426342
943494

524090

202006
950546
901856
280450
210641
392904
597648
185177

250838
365973
377339
850071
318663
471386


41108


73620
630394
32052
370234
357651
417944


30113
97320
229496
648928
121492
335288

676847
528505
268123
35088
439458

695137

814744
399270
928530

376779

609204
879414
859382

679236

748673


987596


56222
296128

376183

375286
862448
993974



964311
910634
739805

636821

865260

104366
616979
251230


639359
621168
21373



377341
696478

919756
110734
475020

384350
604644
965184
533268
213526

478110

187754


688146
415042
321126


9038

86692

759107


508074
106554
567384

770873
926647
799875
258534

914676




256690
934047
57431
775092
595164

380804
85907
72983

278787

233671
904515


456745
194772
25276
699024
572416
13794
201722
792822
666868

913374
696138
356201



516093
187446
931706
924880
41355


497898

8022

900404
903601
339874
302467
893143
874397
109231
796723


771024
312802
814481

767111

795346
752029
32365
290324
725714



342118
25517
934887
395117



668736
440205


660306
20327
931100
169105
676087
836571
179207

64369


930855
600676
567249

871149
909678
686366

566352

902640
890718

250259
259636
297491
871552
962970
55762
521128



457237
209143
776537
364519
157956




719492
437359

702605
343584
962117


463222

615873
445374
889575
213552
559410

491876
70341
235406

834547
764186
372473
332851
201069
137280
271080
547094

849908
287086

522313

27338

204357
635277


704378
304869
858920
235700



825557
472792

896939
393419
765736

580037
688112
179909

787657
335882
31395
420110
779790
333632
259022
364020
296504
23294
302667
831152
618497
490133
631610
762078
472800
911787
162462
292183
209137
342094
877402

452354
690394

493380
470620
856420

681502
918327
377836

553327
590170
752251
578884
57390

958315
369011
491533
288987

615157
392859
983871
167134
661467
181414
243641
228834
509584
690415

778423
209552

326194
426546
577511
588656
81292
613797
794448
414501

382312
339109
299955
577370
607875
52793
455894
471481

744691

331172
471288
54949
82281
185299
730781

385025
689629
626008
466814

413364
97372
731038
352225


677763
447615






744773
866286
520594
927402
592024
913952
796500
935308
510585
229858
183294


232276


488015

497521
8255
722273
259995
74080


281432
662913
29805
838467
849877
742561
589436

756948
763428
329232

582815



179454
213347
747128
846854
221714
300314
828798
376445

324205
789006
43374
770942
673230
808094

278747
653977

845929
518961
607238

723155

307495
906506
298764
380105
841862
542975
998493

572907
821831

488239
846321
725452
450190
743913

104004

858521
24096
950970
510603
636331


93521
282674
20530
111108


287507
390126
542709


604115
269671
156921

729047

373625
603670
146623

69242
997542


905604
84773
575359


355566
362545

774408
363242
111792
900018
54702
431360

341940
671621
503483
364180
266753


818150
588183
567561
681456
966675
625347
34770

828118
291477
623818

945877

419471
675655
771844
725066
407630
502685

535539
48118
337728
631107
271948
532663
671612
356131


608278
577003
114637
907751
946779
954937
175835

897144

915093
963231

903461
975424
29244



435616


312323
540255


393581
469274
607141

649280
243332
618557

738983
35601
659202
35084
561500

16927
303051
257907
730122
908980
45223
700698
86066
794822


768538
634976
715695

999091
845830
318827


553190

941794
398424
366361
908432

231420

535592

239402

802039
157478
567428
352509


151578
854726
148660
147612

32569
631535
472708




322702
840511
470542
558165
731289
399772
101806
238583


470611
640666
736383
581047


324860
160504
780532
393930
136357
19148

539395
268221
249230
990092
502923
546082
307902

772825
754412

326700

169835
926160
792135
230174
303312
398867
480928
278891

972707
907345
398906

590447
222610

223416
744363
4806
91550
680102
38970
94578
798851
370076
751514
421282


555560
131267
965626
814114
297803
296102
913036
199212
24498
444628
243366
695033
535776

69442



817928
10240

692067

702259

220498
176333
112092
498734

674461
590349
981208
330973
543837
129329
53344

421136

186985
74705
580315
299700
262050
870641



28684
514386
443065
113948
144098
285685
275339

770167


437116
486621


213231
542521

211585

556999
644104

994513
328198
570407

853529
385226
530740
8723


934642

985991
771947
682003
6429

156736
445659
148809
888544
14375
993422
409148
366626
162578

327522
974206

680301
656822
236442
139283



302149
254716
266289

665340
493469
598490
953048
210120


948060

399934
569884
406049

592945


779939
575890
584353
565251
755569
932162
673036
651729
994336
137366
308009
714157
685219

621426

497882
470876
605846
120134
294575
611105
757035

582154
851450
783654
642874
289580

41014

481793
790867
166369
968615
147622
328549
645397
482838
132377
405707
462553

83108
974151
710720

700755
228028
756134
678223

374212
8032
937675


207769
96073
642149
199545

80357
134612
967118

541131
418759
406771
19514
559989

42277
268179
221920
828812


76741
441808
223945

394835

627254
853301

17169
756133
557620

714409
52644
101091
21883

890829
288006
952435

596880
330409
163674
731371



829794
309028

179215
991762
489012


741640
187774
737415
995097
194441
26843
661424


544973
756279
163814


356331
959630
733457


280619

276154


679263


841247

685603




220458
622245

653608
306362

470884
290437
961383
19388

258002

229397
865371
11667
391620

649735


540889

844228



107685
975388



937355
349038

568919
776608
382239
594743
39290
351781
139284

622420
156220
841526
432288
403945
124755
647256
665928
577623

191182



858529
981732
744075
715099
832919
151769
420727
617664

746493
990159

399070

382334
795145
312420
228397
861078

961766

723821
96321
181634
889174
305088
122032
314828
187439

685581
694346

610986
846340
916643




58997
700269
748722

725246

856409
597060
863982
543888
713971
819588

100423
193476

994561
669305

361657


476436
774417

388061
586850
629971


606979
190798

489040
757655

344174



635069
766173
603549
355830


410738
478306
269867
319682


850069
755189
668335
744328
830100
593174
759912
940117
885050
586541
71182



285198
638909
903939
765975
392146
772786

269701


552516
435229
394548

675832
422953
165271
221332


598746
168546
342979
132509
123898
44426
571327
293555
827779
956260
116816
721715
102475
834880
411926
396759

900255
550032
219377
520163
757332
249491


991347
992990
793970
278401
111988
467460


628495

741804

420499
358594

676605
444995
554829

786883
264050
258212



867424
47660
271787
772179
917326
851896
711186

283906


913981
869698
653658
751497
781526
68705
839408
706100
496487
347341
521378
366950
435738
713021
917369
343510

584204
315918
430570
885600
896679
955388
111654

329723
606183


666654
582407
272521
812737
857978
552914
385020
173900
158755

995379
890960
975332
336767
597614
209772
537226
311391
696275
822524

285641
647963
953907
924937

192210
938449
346188


729655
337463
345995
154470

757674

305098
712856
31081
991713
230989

843271

613688
336356
834153
216710
998840
183263
291595


419800

415077

409886
76273


106289
329807


668810
783665
539391

495599
516892
900250
759642
800765
361021

499145


488092

604316


651836
878767
952064
337807

563723
129539
60268

471365
260154
282425
807644

157328
241499


909576
154283
759972
706002
653675
797360
830336
22984
243958


122105

722801

927773
874998
536342
577805
518811
837614
665028
199778
769836
653353
932133
968590
203078
552182
712422
862297
326066

791090
482708
979498
470086
704726

616170

486049

274467

388837

133181
913137
333304
201180

130448




111189
469476
662827
639750

225351
558919
623619

378245

89656
534677
171729
707993
869813

36672
260914
42065
758263
326714
446989

354078
872441
944166
755117
539258
770188
922938
621004

818420
232777
287592

273188

49526
799056
958901
639090
844967
304821
194448
168112
927576
447774
33969
581874

135832
629655
69676
16333
812976


178552
616147
97282
259499
54581
499512
488627
733987
402710
502350

251758
108214
709498
372294

228439

468337

746201
197654
554764
515383
668826


746029

544202
8687

103358
315553

790139
590975
70827
621467
767490
751091


225300
187622
118194


638961
646596
345333

589550

119954

617071
539858

378753
977862
86847

919940

522001
515885
854365
740436
774682


844924
12607
271696
896910
267277
345002
179469
855508
258567

558631
298953

874315
301888
160326
11741
6184

383830

541205
884071
261079
7386
496249
52150

711128
929262
39214

804514

471469
450544
911747
546678
626500

229578
989161

330698
355135

63524

498149

992462
632685
333498


898077
327005
205871

788168
578140
41134
733643


371777
615582
178236
612474

12512


140276
772876

647867
278055
28129
422016
677230
503203
739124
188219
205480
110145
758010
437131
19821



842998
816956

526277
692049
796528
678841
607832
648529
583153


290821
793748


806946
346142

823030
690591
378102
905000
499538


124474
689088
128957

482713
829825
970137

713257

371724


661494
951606
275289

515819
757119

601429

6957


591588
670690



879580
508167
269301
125398
177569
269974
572722

686200
92818


256772



239798
830503
442646

619363
468838
89285
868748
424042
836275

668926

946574
440798



889029
751864

291391
791593
725457
317884
305208


946484
376824
679774



303121
865446
619395
401017
421851
843742
196416


414208
591792
326774
135525


337038
72390

341132

783702

711650

191443
624502
977504
459154
83306


699720


812597
382132
491238
782291

390626
336653


111283
386629
847793
731586
968906
267545


673149
640
492423
933814
355888
530333
250852
448842

397206
213714
945811
623402
655889


343083
911233

341817
334746
89379
649117
160361
18480
460316


347654
561160
354544
507015
417831
408992

487003

57780
279279





693732
591423

426890
441493
270945


17757
586973
770680

228119
628703

732832
808051
214903
3686
915179
80140
50903
47665
661533

170293

778102
541880
783642
957450

36746
436495
12811


381497




229068
431345
136677
956903

97120

728092
80908
950692
217626



459542
346825
132279
609907
1529

54848

271406
261792
741191
769634

932824
427398
79838
939408
859476
3272

756542

723589
612137
891433
418330
80995

642276
30984
613439
931690

702269
407991
285963
792489
13180
59462

607277
569702
873013

627229

379514
340873
233839
937286
557200
457963
112537
884809
977506
750626
142304



512
315242
474011
224081
379474
348218
669867
849565
362540
878034
142034
520991
895488
578445
370693



693052
231474
211812


38003
826101

165901
991374
499882
409837

906066

284331
12218
902817

580661
526330
541901
945810
106088
156626
89318
678606

50763
754052

538345
74048



737448

259154
968441
566222
709352
894644

602186
603681
651487
164074
423815
207402
684784
743977
765843
43544

98337


694809
824808




820053

916758

322402
853010


49367
580737
467887
365088
662944
266313


495890
298714
75697
438348
905733
239546
9384
616279
911016
235838
470729
332172

721535
143476



692650

211703
635069


254834
386100
332854

772866
389637
555607
700280
91232

899559


753995
294720



397354
636956

813072
886579
491384
577528

707659
540449



497390
768373

661079

426512
673687
245062
429069



74524
31921

157385

176170

455132

84637

272038
158905
456420

936009
33112
666993
53135
195686
76545

107554
7291
356372
917752
625963
60849
557856
392958
2743
160612
42558

229923
709574
435692
732304


121979
919529
403911


838701
945355

269443
488715
839206
999622
881126
184783

356851
656722
151477
79093

540702

237851
260275
989238
196471
228699


584076
255230

193679
989594
92342
607902
349036

666003
350772
28588
895723



744230
590228

574631


874412

414209
173936
935000
302827
589721
358548

320779
465361




888333

970130
369867
194131
147406
732636

305064




195695

398415

664957
894649
628907

526624

222978





102009

20956
147885
462082
286466
552893
213478
293696
890338

429555


892312
885114
387646
661692

856738

203938
710503

80032
822636
236500
747044
368630
561037


795797
634136
95381
106235
429920

429577

839027


212083
813340
398009

496211
801061
713503
174123

809806
22283
542895
356630
244672




127649

66754
185742

435416

207805
967768

882879

449289
652713
316934
558349

363343


396773
869348



657222
874966

133895
368881
658462
631367
677361
820648
650394
271172
486014
723281
443147
761788
738497
718272

77943
234655
73860
944154
607930
239429

228562

836533
417890
516945

944837
692808
133991

178394
420591
764406
740191
360078
840881
511505
174285
616029

628445
834709



17105

468549
190184
380138



923036
313889


682239
70719
13297

832699
499064
910864
72097

716024

617533
233869
993607
463410
355099
954463

49359
341143
350647
130512


933524
199209
697007
682643
610568

459920
324830

240033
774059
467131
17289
784299
935156
653743
472495
994938



323385

507229
586245
735023
94008


565846
914064
699641

82398
548072
960740
371540

136888
983388
459043
679071
116252
451559
464554
682161
952073


752336
688283
393529
876128
401480


733628
882830

389809

135105

832764
593281
379788
299974
154848
630656
139720


432876
837256
238865
523715
871160
643497
731378
15306
383159
789248

299712
203770
229630
697784
831712
432074

632431
536811
733249


371977
636038
961616
594675


895946

98924
830715
751294
724030
693623
88213
791846
772511

436467
649596
201189
715752
450207

581841
301148
885505
577847

179262
155833
755773
706085
97743

157915
840898
697543


935361
421517
378065


27889


679959

748243
467001
29260

94183
880965

133005
598413
301676
228835


436465
292889
157130




18107
202931
739866

208432
244885
24942
981422

42067
517487
977753
447456

228714

586108
804781

257258
65030




227431
653169
254340
589614
898753
350665

412787
231747

972444
590085
748058


509302
187846
465630
210938
993737
442697
889529
465900
661789
38727


898475

704335
279101
615771
812992
833247


509993
602652
313518



208374
966399

315531

981131

891795




441730
664986

358070

831637
411165
655143

498533
180013
975031
469889
239607
683523

44071

212946
196025
289198
699523
373495

115295
232687
365233


218237
490927
160666
521532

522681
508663
278910
164174
283388
661258


22942
657796
759638
121601
376745
522086
175097
974284
482490
53615
414832



60054
359495

821042

569340
623132




94597
563830
369162
525944

207553
52036
900874
730440

308064
39754
248034
453147
177526

520359
187908


884934


307564


219594

626723

70440
143647
920458
262044


534851


172040
2385
878624

158611

783762

316271

564155

637633

68734

611147
657238
794094
523797

208342
999727
607759
53860
280874

93474
975108
693244
153712
344819
543210

636079
913323
333893
933513
596762
922172
238507
17814
697226
42345
546303
421784
641725
188924
856240
63035
364527

695131
313077
351068
20603
427140

282666
829826
566472


173149
583427
697064

655099
837887
806453
558771
777127
938135
361099
355502
604467
715656
514673


535702
221591
444780
455414
651780
266678


126406
394178
205019
27207


956376
588304
529894

290625
833077
573772
932611
66624
861798
250325
552167
928265

25542
224257
441944
303788
212095
849375
72791
595208
141291


680938

310996


46926
941924
248103
339957
407114
141375
532311
499021

872748
677794
247656
425969
544710

559084
235169
42734
78783
696847
990532
75442
194117
852321
575171
13661
605340
68572
358650
751586
715052
876944
150599
530035
734071

777938
529999
173680
659954
827638

251502
194686



140927
956386
258194
687381
40533
260128

866046

90306
486637


471597


562689
605715
18507
305884

586490
563802

393200
577532


383345
832339


370106
692800
911007
182764

247227


188435
839376


134007
327319
696244


23940
498073
844349
32507
294106
371529
971249
199717
7605
62547

876290
943646
63040
251372

149790
140970
81601
233783

236199

544313
632524
984318
496526
735962
514508

886365
510519

68610
93839
163972

941468
253323
127294
692498
452207
26535
93172

464311
112003
520387

978698
442660
742237

786425

945171
126910
628964
2123

256667

543030

226586
452444
535038
953549
586798
407276
212342
216767
971530
69001
559003

516256
452476
961474
886442


34856

221082

359516
931091
583468
370814
304617
580604
140351

248625
1517
183376
172659
624519
581712
783273
810480
718328

718330

289953
936845


255525
404718
101231
546011
262595
938336
650381
659115

410960
851943
185706
165149
198332
719855
40650

482071

149991


728704
959461
251273
995587

672174
527755


768274

697816
958358

328331
505977
760854
286745
369098
104147
411824

845141

266878

270238
499682
913724
759868


263497



673636

868799
954394
866803
266947
593527


978113
556896
20629
154050
255832
585164

555450

847690



386165
749418
614234
35877
588245

850182
40959
149847
760784
817911
627392
124606
761185
783212




933865
19227

769521
458469
223830
897976



810308


398338


300474
505831

777378

314441


946135
184539
710754
528495
773333




290181

481326
182638


330926

905495



688633

932027
433425
221760
833159
240526


264910
379247
395088

366774
257879
963430


8382
19799
222660
821970
600985

52544

491911
315129
168446

518694

839824
536080

87731
344577
141086

409473
307723

225375
240776
517172
731542
32385

327585

198930
404802

933206

749762
698982
423136
58239
216562
363056

904540
852979
481924

717873
993728

958015
66913
149340
95093
155835
777227

671486
899433
440548
221014

922305
204685
191065
323537

555788



996380
805429
1634
66396
629650
976925
961436
99192
404805
377363
155620
706712
308733
1950

896944


258541

816767
744649
806082
505398
851670
988072
333488

765278
377871
887261
728007
652174
405887

487887

282205
13161
740321

892493

509406

546351
660580

987235
79950

377446
67711
667243
493233
502510
728939

894244

380775
588362



221201
352219
263920


614483
755176
52803
494130
205544
321766
684927
412300

975258
591703

730353
437533

900780
885829
268190

914738
26979
414706
75854
500915
112805
317696

286710
826836
342750
674858
872120
370865

231883
733260
223292
362820

528118
347102

865508
435963
223926

138049
628687




475333
29028
700542
63185
767472


102886
340931




841653

833659
171716
276077

82178

156648
387651
849007

648279
283840


738266
793249
855459
492164
303771
480041
16090
715768
164584
30107

568970
660223
298200
889469
898523
947334
989577
398765
123416
245337

849325

966634
78270
840872
221573
452238

274337
35165
711212
852931
283581
525638
99664

285641

293938


916817
847004

104238
553095
730656
507939
940024
13186
334239


393369
42108
486038

360055
740695
659555
692444
217405
516674
389043

552387
990548

703808
342028
260759
267162
146637


861810
16108
760596

267605
200428

45123

660962

232487
858567

930334
65577
477817




557113


218174
729420
110039
62839
27535

516304
493231
475013
329176

941512
436296
867672



12899
291300
145140
128408
461317
653990



411503


934468
621018
986159
722366
680073
397404
961212
994855
576380
999984

656534
903933

826368
976468
717079
321199

118859
261886
794041
873278

391882

209810
521
52276
988085



726737
413585
231721
248680
940243
308099
428476
22223
738275

868084

243898
641710
119213


775100


8977
699857
528978
136311


92765
428350

412992
679470
934375
119672

622267
771780
16055
834225
847907

140955
698735
485222
790693
103236




744879

448090
96469
955057


485819
580592
189385


473724
701342
536673
412369
625073
203870



305465

119138
10102

172564
527476
687442
39700
621857
94137
272235
416076
866554
246161
791012

38225

528857


323646
895539


870293
216466
257922

220375
948278

159591
100014
843236

351773
112559





676576
306076

636251

525509

369856
1246
35531
119178
744097

31928

103969

855927
165787
613720

271583
150836
958429
785660
692286


466021
23830
885003
158659
201532
21610


735687
78808


121953

115348





429296

935561


786466
353956
799570
808110


568296
820308
806135
967742
474488

73749
267329

602618

99245

303047
410495


292318
970860
598562




736199
741926
670656
764301
801083
957620
887604
569814

347797


523306
2180

454849
440346
270913
870177

296926


552336

487413
632054

305135

148613
137738


568059

320558
206386


725749

712414
351953
360289
669631
634862
234194


301346
206993
381452
796579
689936

315451

431447
263453
498190
380242
617405

572436

549535

980338

765588

558182

595181
518518
718744

936214
362369

323974
12561
353057
151167

840650

280573
730166

719500
305073

751462

357647
737257

468921
72641

928767
263553
345600


127281
318207

237201
210370

216738

884483

572092
85285

469329
25857
853763



414305

15714

957146

326199
225553


741707
30745
127743
842719
203200
469318

170787
808557
187251

42415
223011

779610
315847
878958
929579
43891
996906

833275
621344
154150


237678
457517

298814
879310
137416

600125
352732

81308
661097
534736
342351

4054
221865
249175

103458

630540
190055

311699
838053
514649


887517
648381
931423

761807

111612
960865
907317

543961
14

456069
999275
70192
862540
708945
766167


742471

355047
425377
928117
746842

817051
774109
533765
681077
661271
458601
430941

601173

474707
982641
730266
622294
327945


784197
68161
924848
594158
790573
228777
693667
934203

898202

506951
386526
344326


477470

189059


886993
450302
784020

109985

122217
991953
414964
152258

129461


126007

969170
967440



746863


326441
573666
37327
547106

86741
360165

407939
244203
734659
509106
537172


640681
457372

203539
659953
711939
792816

683707


189768
451964

545717
628487
460425

257908
333754
611099
855227
43091
380154
245619
612831
651640

400280
304745
624350
35345
674840

143073
775230

213891
758554

349355
886221

434063
493410
525988
863379


301483
303477

397165
821712
959155





477476

1121

881811

641189
872018
70160
29764
259613
798180

766994
947114
71024
319436
350562
723656
712211

807078
73407

903402
428269
924418

113935



200264
389825
315440
901712

652211
854594
962146
319952
996044
327801
377010

362134
855885

418133
470687
553247
361853
747084

681008
212077
360589
79788
676771


265820

291013
979148
674109
421782
205857
557391
866468
288270

891220


625706
708351
846750

908562
625784
217589
213583
275891
101370
764451

960676

339396
908032
526228
459525
850594
251786
835380
9692

529009
703652

108587
266556

824319

584099


719958



582665
49476
305357
338626

894732
603072

684260
21409
708674


427765
949537
293840
237313
14544
430133


393573
952171
66859
765356

86707
353435
729106
604083
231648
79773


689606
773425
939831
510949
350825
127923
308596

716322
652963
501917
642587


909573
227704
790816


58025
399943
886144
211254
60443
993614


780712
992485

627084


936344

685187
308725
559391

678278

565873

404849
614657
443874
573919
869973

792389
828691
324978

690142
938474
819304
552101
379974
663013
42132
15495
948981
901734
600409
386986
419746
259545
62956
452870

910480
771398
237032
766528
317256
59348
651430
691048
299047

492538
243229

711408

439177

629799




480056
481583
649000
163855

390896


257598
27959
59901
377095
393075
720216

996036
350283
443417

210153

837074
949942
472378

330509
941677
268603


577434


483155
606442
876547

792542
912493
934843

260481
180346
599163
732869

820907
480520

195356

476995
722131
141135
40180
807614


785675
953331
840467

331928
240202
261339
624624
935510
203967




855666


441896
850722
757749

192020
101861
237721

60782
210454
487925
760182

555176

852022
584504
970460
437415

657862
360842
148646

636189
855798
361878
895314
315183

163469
195373
823222

837380
302971
173106


330095
652927
441736

403761
431837


217368
45768
867638
864803

914527
872795


948012

772473

444914
346888


865152
130874
526921
327359
900957
120122

842905

244508

462707
267756
918894

155500

897189
701502
859983
348319
149684



381996
64795
667115
456802
883459
935192

388612
986947

344109
25833
546788
541651

231445
460473
845923
155053
546513

462701
14821
562536

517397
149193

851076
612330

117616
424898
311168
57475
382949
934927
849650

776426
657133
991773
546109
797279
428511
969584
367030

629864
953772
631626
690109
373510
377711
209260
859193
637455

22888
985529
71144

707650

842768
844846

797705
98047
32411
251051
355419
570918
116727

761983
684061

144158

619014
872144
365062
308574
726125
574077
253101



135220
684451
426826
554048
437323
86135


491216

749784
692987
965366
875236
378333
747459
636490



545510
509399
685877
718714

742535

561331
3415
786676

424925
298891
933121
442608
79176

925113
744054
755959
247692

103456
192265
990621

122586
392616


880159
293975

39328
270986
558698
754086
357819
333632

404201



283579

140887

947140
310638
597321
895400
601937
435856
567070
497447
513620
937567
215845

198002
771838

188417
785600
451883
544011
586215



402448
977507

684189
105784

980174
353463
948894

840801
79335




144821
854851

849617
391138

918175
598814
214737

676991
343873
257211



750178
24171

726166

7521

641557
604060

985247
575774
899642
330417
563396

444733
12134
970715
755583
794510
201608
574253
97840

402249


367445
730685
176305
120342

504861
202589
236250

966340
380415

509954
155867
92801

301619
631374
386100
74430

388680
874878


112394

312962
862091

363582

32785
464254



241167
694894

494515
170040
488146


478589
48616

560638
863172
489654
809538
494683
197917
316148
631653
8402
187092
437375
181904


535505
3213
50056

117597
234209
756222
117173
673123

236770
305855

615631
66750
441294

845466

185639

931816
809279

717399
697413
7203
930902
325589
898527

320869
172104
237860
195828



370506
723436
531868
390462

984550
19227
260462
610975

407472
942557
560097

970824

803383


766025
834511

300239
340284
635252

393645
518816
882740
276951
627259

830976
104103

88290
436664
208291



395750

51706

867177
234149
277334
254524
203594
490057
831831
851976
441236
405575
332461
779087
672664

763054

76098
348476

318486


465214
777366
810238
22505
960759
515442
220327
41799
385420
429266

722153
388214
852218
145036
534232
349008
441225
39635
733514
217893
801645
175735
457018

897920
59938
531829
690299
445078
399490


138084


638518
938943
518533


814005

524168
921642
758355
454628
774915
100658
452622
898586

662718
714420
67685
725211
254293
83818

909910
820693
393572
674412
708844
774626

808578
135933

426403
796072
956802

87116
312194


646799
542457
481708

839007
16604
826103

963669

145535
623356
357237
498257
774750
963199
67571
762510

65726


174786
581254
171234

879687
395764
336504
334855
986620
42315
203856
850484
283873
659306
813455

683630

843318
444319
433581
768436

63903
632627
344201
847323
763673
677676



266543
103516
169446
889865

717724
768173
889195






765652
340894


273824

537091

405024
489517
191005
208866
401866
789687
305907

585286

370810

18875
269853

13132




420305

835421



414934

391517
932067
503961

105658

894006
743686
475727
457695
37914

585212
640412
103864
965304
452142
510076

637553

224348
780964

810786
201963
290681
375409

352924

146148
379180

798595
284896
463314

919583

832877
977514
481594

928669
55789
884464
324001
918637

2952
408282
699280
346544
45952

990415
201260
366136


887096
37997
243269

717815
451226
163783
811221
767957

963520
371045
635798
977881
463653

458486
737012

237150

467779

971733
31349
446444



719488

439868
870859
82430
703105
532388

997426

818791
876714
883367
332075
451641
878173

393190
94297
881785
63112
681537

528518

428616

536521
625982
711808
378615

366769

435657



923229


288668
101862
319407
177025


469736
445983



313565
983759
891929
840214

88145
796190
254288
413966
74316
230337
249834
927175
815780
597937
688428


707356
831846
650424

734657

272374
608662
273047

159147
272941
321143
978226



440179
733521
857793


171026
20820

689037


916026
273338
348948
486559
243059
274642
874958
165120

625906
783097
315038
478360
475703
762588
197584
390804
510216

537061
659601

840050
767746

496089
251125
610121
616295
143309
833620
436225
354621
846989
798320
807109
230898
102948
32678

494901
765355
268229
853202
820355







293537
359942
941357
316656

266819
982314

794261
967918
282335

433554
70781
689258
948328
220270
482146
149924
596715
725375
139052

426408
266980
610552
564881

308035
86814

988375


534376

467119

584265
149724
527781
665868
842359
793736
953823

115426
371107
649277


800044
376900
310634
119452

197885


725489
54567
474337
715087

568934
743430
238667
693772
305423
36959

660378
502936
436625


16490
912110
350798
825684

707086
969999
878352

864307
23183
633047

379794
272791
110526



190704
951195
423041

481487
893301
432812
337919
233975


822322
706908
992641
211830

133864
107876
706550
961185
633789
699837
719221
563209
570027
239673
571510
441468


959292
415513



848809

833896
215974
579567
298655
909001
381324
562422

272139

679439
917126
816981
57401




35854
229059
708129

842464
73496
817338
369585
956324
31605

346834
943556
987186
517004
602449

584825
626464

458623
402252

600707

326714


883342
664805

997215
451194
310159
537513
382974
778942
397174




127208
558912


102433
459780
228166

351283
261804
165348
11051

106073
265885
239596
866471
666962



834655

137270
713460
907491
422306
866804
985576
471239
976936
810330
602908

295230
434826
716256

310519

137543


450460
749312
779474
7739
862374


868172

437186
278120
797216
397461
618436
805717

410131
922938
553334
283375

89654

41726

578303
593453
361984

827163
885894
397947
296103
665472
278543

712518
594571
881561

537706
928863

388474
763961
585322
716079
560013
10309
437655
775369
348534
182552
749266
336867

694332
398962

817524
978924
357215
611420
124195
386184
115887
152898
522507

899859

155731
70717


570959

660294

753094
565617
106780
289423
98599
873004
732444
426240

194450

819199
663054
870299

682392
117387
796613
509876

977907
343186
892879
855387

743804
462804
379782
935216
524581

669140
258932
960926
108933
840613
363118
5851
348627
459305

784367
629116


223873
359899
763505



671501
563326

136393
893617
452531


358012

906807
977342
899026
686819
564078

319878
73182
860658
575881

58191

266823

120237
898110
132739
965740
96194




741949
495183
868266
384189
67566
29687
551302

80643
712797
79433
887297



109677
972673
165763

447281

312354

797801
447727
19295
697916
528138
613653
705936
598270

462313
660503
291801
750108


10373
169004
457761
683043
665378

82964
858339
820604
792668

147971
591452


743231


718118






585721

824309
293142
705084
697665
820422
709826
718626
271778
213568
272916


673417
392738
491943
850291
76884
570228
354768

627491
640411
799410
670995
155146

52655

873490
990367

952463


365916
255614
465116
426691
467862
181971
62211
603902
99735
158038

281674

864339


848132

728802

378197
37491
235576
803377
343479

840410

139941
277247
520528
881967
122670
879016


4426
96517
675031

885133
779661
680270
481339
685
768008

454424

608423
666566
292589
743367
749820
94926
197225
82717

464042
128455
832992
20737

146794
356256
200820
794058

650294
205311

96280
243082
77506


28606
758592

334166
288709
732291
639596
408864
834895
213159
322768


357829

482927
256347
761122

555314
850327

416959
775675
723451
275173
575006
969879
667900

853355

247144
987291
532838
148179
576224
304522


26197
503924
256409
349300
42395
636182

491989


913260
888558

602302
958101

652739
726066
317276
444434
509331
72629
71374
490453

330931

991263
72414


680725
645589
47468
140544

2950
965572
801879
910143
783614


800690
783882

29339

105446

203636

515853
576689

29662


220404

648078
689045

777232

263692
42084
587147
929855
707348


569246
915575
613042
801042
427062


341420
709417
839700


816642
715628


82560

134263
872615
587119
907253

979346



52156
930907
534261
355938
443354


780014
843353

123444

786490




3491
450076

201406


65592

672516
505774
805692
989125
777019
273012
986587
471449


246840
446480
230619

908119
799957


91540
143360
564590


620002
551543

616799
37202
986738
631985
116967




603164
256052
656583
996645
729597
939684
934290
934238


212469
411927
956724

425151
788383
346719

945542
363931

216617
471701
188667
243841
193986
369691
231213
507733
531088


670770
69984

205201
87965

439589
36231
907305
370685
964286
39243

891265

259254

528622
959570

795757
723932

876585

203729

583159

565889

799523
331241
286204
816300
226544
112366
45880
346935
130796


115816

776400
261
564703

124066
406626

70400
71475


491762

362077
720449
356675
409362
380348
682871
628750
624537
486154

940468


662859


33927
105698

562186

991010
17378
8508
589434
718390

294788


203972
59962
641694

25422
393904

683159
453668

768611
544010
28892

517915
435545
616660

373141
356536
895766

453177
256503
651717
660152
243154
163692



592068

606609
100958
309548
411407
603149
461022
424694
773880

459690
220012

649833
168061
579045
724229

525603
186979

502021

528810
823661
732876


250941
507102



686224
373163
257771
712803

343487

862405
362137
477288
828395
158778
534547
484364
557145
110347
858827
477066
122421
138937
600215
593578



357697
680083

560161
112098
634183
269051

783267
796996
853111
278659
398858
937844
352708
377896
322236
61444
235006
693337

863708
674848
548567
317167




82239
379790
372218
109983
637605
664953
785224
715041
2849
696867
126744
542623


626843
492511
608259

40396

38516
428448



689042
391010
11729
577069
110349
118679
335470
896088
633014
34322

156040
302696


799056

5789
971418
196217

666066
217128

768711

250787

509739
825288

356439
498843


714530

486393



795009
517571
498165
845678



315866

137824

414803
886864

613078
613161
96792


663322
606889
34298
239537

497300
629685
984660

747109

645536
605392

18875
684799
417150
679398

316262

462720
430081

436895
104023

481460
10212
429053

748430
343909

148650




147424
954948
960439
704089

748662

638101
553260
661650

82165
467702
497805
470014
535315

68250
283359

532074
815691
753672
392370
616815
553634
451862
543999

190948
297290
42722
487447
817419
431325
32792
251138
839508
571515

363346
576020
446834
205756
659826

628781
229560
202825
729101
78028

552687
440425

425903
88481

503536
550302
139199


35217

131945
304514


761403

168146
567825
370753
803166
925014
358732
310429
959084

96014
407246
3408

825670
186028

411581
814049

138023
422039
267968

317677
276960
198783
494718
754183
184261


732477

249791
528742
371739

648903
446621
417107
523171
10621
741307

749658

393765
882362
571241
843518
104605
490844
923559
921437
371166
808994
993737
769732

698098
352986
169371
843371
495103
574658
504632
872083
278269
956039
213566
433269

542339


943144
996665
148662


857159
695507
809120


433139

205479
6820


782504
857350
834232
464602
606466
344175
880655
287773

568355

736911
736045
274875
460999
432003
896811
596585
393419
606720
436961
924987
468546
752014

517883
72241
944019

572528
765038
347404
114667
509800

916568
812774
195417
86744


521812
59239
424749


544382

27963

422418

104213
808171
440206
310821
222151
68328
573096
356982
676888
832594

529417
201663

410571
576530
273723
623878

457900
252579
860736


364032
946002


556955

241035
105510
740546
515285


151344
346705
124133
326461
474890
821095
743408

149219
323482
728532
128578
757681

530550
863012
801772
927306

266887
178123
950523
264179
442303
449074
215010
853784

257206
624049
370364
140376

994742

912873

997970
64322
496763
211049
828910

400792
951413
383689

300794
811878

365559

698510

38468
608802
203139


238725
159021
268931


846168
870306

97718
242667

633699

329018

426771

286787
739005
181260



926636

21492
612119
34902

573838
923344


370731
644436

962813


617634
363457
651505
545205
273787


770688
178325




57550

169416

114643
767484
458512
610776
583393
580323
484103
990653
961846
793875
584595
928206

488798
912426

86275
858346
834362
454658
372682
147729
70389
59764

935859
312754
301635
503008
910597

556548
535040
785372


46108

97676
302014
335370
942230
299441
648713
747800
295613
866891


922681
308568
972870
468060
871924
692750
226468
830389
364242
382704
886831

443110
745096
467619
924550

852680
524358
650354

273447
288700
822504

271715
515930



786033
459560
711505
836292

876728

915387

563477
222800
938228


326158
689291
883143
153414
380640



332944


74218
933976
784533
842400
466411
136164
734291
185751
288091
892392

56412

467678
800431
97290
191121



211562
386110
950728
924887
138782
824335
183517
474636
739025

737103
386660
351356
138218
800994
426059

454740
290941
213889
390750
914230
819897

767279
218628
482498
624100

691530
665050
387213

514667
920099
473808

932066
655754



738694


353666
781907
657132
907884
694237

285909
20475



795121
883019
139995
625715

929835
285597
537958

64376


279433

714926
836345
335942

502953
2983
816518
471778

608084

707531



437735
751578
777908

715176

730600
212689
951696
10092
266814
366586

442311
182979
818812
205015
289797
787435

851926

663158

542486
206763


278513
941424


474337
728473

384613


299208
887848
548697



468696
748497
914271
544552
401135
134494
41856
736687
765833
159105
814297
957781
526442
536574
293557
170534
679574
118790
415662

974496
46864
555703
866034

704937
337275
851873
754977
32436

740407
576749
347656


406418
73407
283956
628781
413651
865541
857545

872618
579072

990339
706826
984127
446687
552211
910516
616229
738371
326844

479175
890337
360522
313900

728


393475
788252
543654
107770
568039
196781
947870
456634
919338

951865
699128
385415
276765



525520





650755
308414


33339
830529
866917
102791
709769

307049
995409
170081
484312
691036
419582
558043
189984
762067
224892

315534
524940
704779
426855
587059

554509
890738
863260
797343
139712
412880
150162
88335

594781
539475
535150
574642
655976
29962



242092
633560
53362
464971
187879
31073
183934
589541
72926
73481
513417
89145
596417
807614
458306
126703
826769


706512
298493
126962


691728
375999
631150
392228

207843
675236
392799
571314
69208
833019
880489
161847
186247
355119
238412
839107
369978
646041
564654
799093
247516

912508
647459
327303
416247

308224
223502
429625
91116


621917

651386


199732


368149
624984


862935

189692
426351


500853
508367
25313
241814
34539
293806
90548



568595


91182
400465
13284
720839

208209

632741
422143
442056
626041
210446

947604
352244
731704

527224
944823
802818
264550
467320

843172
102832
529795
526223




621415
740855
35384
90770
805703
782673


411927
653103
987559
156159
561602
62917
649424
400506
508893
893730
901922


270696
371476
591769
337178
241685

795889
265961

735541
950986


902511

366396

729318
931762
503381
38314


251569


638293
991128



956915
351641


276414
381050
415627
713877

929226

814449
951459
999444
614770
788468
420639
726920
422910
231944
21764
328886
292999



41759
475845

135690
765141

20251

747183
96813
214937
323546







404623
707173
901879
163611
405102
808011

832992


121480
309583
317055
735195
359024
622711

561133

91189


545280
861919
140796
202074
312954

805044
912740
282520
405254


707712
235111
683531
783392
592139



853257


553576
189144
868786
377734

848697
595988
623657
688261
143461
543282
914590
639502
113090
448653
450935
480280
127042
318949

259839
96997
487787
238999
582232
52523
1937
164069
286221
803241
466582
460659

442725



247789
577466

569301
197628
395789
428883
370056


640181

251193
857182
350576

206859
529867

156526
948018

99651
385775
148070
855396
422111
606966
272759

694150

826357
195304

746566

311424

208662
110207
939694
59489
510050
665648
19905



792086
30795
187001
90942
719502
842323
403648
948634
573500
314915
522173
227815
799226

110282
726436
514306
153203

996308

470972
931680

984167
156243
131097
222500
535616

243644
956585
404187
569880
943400
900776

410454
629682
263681
343517
881250


124083
661121
331910
986929
329382
533021


732697
683394

139249
831774
61692
857600
467828
19767

938488
658960
451027


209547
253003
115522
923936
976544
964741
401778

162371
287083

621582
976049
854945



19710
488632
965475

800254
83884
801272
900640


575519
962634
596113

742664
545015
783678

194481
749428
934505
291836
655568
821387
342677
318202


162601
510058
827437
732277

196938
446778
745700



756984
60521

760239
991371

571997
683996



682970
783680

664762
550031


982801
919374

475763
836055
523550

868036
917758
539282
55727
976145

417523



657154
174360

818191


578956

306334

920342
393387

880945
374752
547820
247830

475419
407273
794920
894305
305251


470041
746592

967978
377812

992393

14236
190950
529059
456958

600738
867093
393912
468877

585211
660977
80535

26148
826283
910757

550381
992773
162510
299594
594624
441436
797170
131649
966991

399964

265974

603281
81844
44767
577049
968071
854175
623584
682420

343134

786107
446229
710321
653850
818105
293929

887068
232304


578615
554970
316157

516008
547873
684809
805507
401909
387667
532498


675820
138060

417733

259641
200033
904657
923661
64504
527347
303865
861511
396127
160485
161748
942957
52176
787750
374314
317450
959192
475818
4813


566230

932003
437575


651294
851452

758430
935901
567530
75573
344045
477412
43470


826218
318411

175140
44081
380171
764079
314973
278990
880840
341429
174041
10737

690263
697659
704810
861077

191190


544446

446872
662559
327054

947391
993258
925501
204098

228730
757683

130580
546366
894992


109398
688620
984179
828071

60943
56728
627305
156465
44075
348616


334617
111272
656427
952107


683123
994928
860631
739999
596348
477900
859207

467485

372305
417443

289537
435210

47920
397467
773256

844796
860460
685717
277815
903061
339013
314133

732285
551354

642822

797820


761287


286240
266265
180257
855293
808453
353660
590727
809051
987182

522787
785909

294026
757274

807631
122832
682566
995028
770945
646928
14217
712771
14706
427673
259172

234874
29996



721712
755539
893258

606539

15930
719638
452001
793628
577511
729782
496756
636624

592545
977774

604580


704335
235326
693002

875420
799692
988970
260115
171201
530541
181832
627717

658281
909430
413703
186337

890887
672219
31139
970152

365888
702584
369915
971280
637655
418257

391284
421465
13586
33510
307365

202475
613956


565100
192712
638632
195343
949938
814023
875757
67014
330669
418771

424340
682890
423121
513830
290364

487575
613102
645315
236222
745191
288203


718683
940247
487980
181448
624790
904378
762022
406722
798071
412307


566311

508873


164827
212536

258362

367696

161889
143862
496174
858483
347603


701881
121302
700210
153740
835919
944343
625564
678953




58351
255985
274417
286512
100878
163589
899812
961881

984509

277201
411799


672311

979848
144175
922511
326318
336433
238488
331991

954866



185525
552114
704229

332907



511619
923914
693900
537560

111326
282673
982704
759396
777836
813796
726324
662216
88365
172765


69087
625000
555888
146940
13715

425352

811915
635781

380344
337679
788511
257099
112649

91637
382244

499726
548897
877495
980103
368076
358863
170124
78735
678353
776536
690178

238639
471214

967676
849577
334673
127064
177484
912264

286798
612040

154469
354291
739871
972924
867522

547791

339624
247762
37881
764465
113001


297522
461492
572831
215031
291567

218908

84888
441228
402389
509664
566326
466012
674592
958425


88419

414029

684848
93420
916605
301298

735570
327791
544262
572834

472684
883808
963147
131983
311178

596828

162463

981935
841857


537955
499060
641930

481538
650145

749301
647040

388989

634659
708305


491497
59598
715217


225446
108936
878241
755897
293260
573920
887390
547716
800585
765777
279096
539655
587724


407874
382861
751462
977476
466509
965341

327270
633876
415221
206496
593334
284788
573133

102295
994976
294770
342176

766529




971574
846310
942181
21097
212642
644851
512071

346108

455913

424721

450586
91415

118040
997148

401259
167377
520118

38209
963961
165671

298728
234718

817827
462038
604529
753600
581440
404052

556711

60065

789791

690485
237694
766012
499713

986882
159053


88905
159325



256966
166063
412748

585465
983458
343271
908380


480854
352073

865843

862944
625675
237106
458166
632482
772468
837246
453119
919689
870886
52990
592920
100231

727205

358472

