901691
788135
301152



481642
984535

531736

860606
938784

555188
946484



984934
824581


245898

944531
111819


800717
807730

99069
330843

899978
758311
610191
748171
243079


93837
788261

561265
648451
821861
918526

414036

450281

948706
287141
677634

81650
131951

366724
653876
664991


743750
845856
556798

472221
182781
845659

2739
167854
422151
626362
85590
176168
484260


535330

9939

356866

260091
428656
234446

286066
808400

742196
943530
905237
955817
622374
866720


453437

337848

402462
529492
431538

918775
488790
902851


65527
282729

830387
316212
540235
889215
597120

623102
473127


467612
222112

419171

758545
585414
805091
207041
990495
686157

759703
320882

164417


659180
580002


22438
244215
497992

510428



236530
399585

69231

50854
379180
366911
184574
928878
583485
707243
696199
148868

653520
218779

419116
327655
268723
730953
101389
213843

339465
436103
340383
126329

458588
842251
235130
32114


487092


86632
643057
171384
493141
851960
649582
540356
735005

293064


427367
890034
644807
708502
866798
458789
232601

682573
330944




113172
751469

521228
991325

99050
651396

451978
385973
108023
776467

76698

851555
356490
613254
629647
779861
462508
71899
557795


696533

937558

546688
582990






753581

284800
13421



578080
887511



915633
405066
904123
147019


399480
335631
333162
400139

431793

420310



373870
510415
554854
502918
565027
295413
134609
814880

580404
395940


570301
592198
27534
989682
967573
896826
407928

659248
410236
107321
273690


184921
898707
621667
96480
451026


991080
502719
156543
930794
63635
142809
347057

182521
60298

951213
391923
752018
245794

694619
338460

453081
364079

104778

71397
294770
625111
211022
892381


82430
871937
998857
912925
174429
95202
673193
493410
461635
64350
892485
423543
825859
790612
293797
928914



338030
983508
398683

682978
789432


419241
254656
923128
352045


311436

721210
330521




906876
102992
930534
219762
130786
94662
696495
894773
471680
486608

271624
668324

769915
876835

101943


945338
120899
469999
543408
74637
67630



675676
612343
805188
176997
795461
683434
589104

599825
329800
576804
782585

343333
609918
997299

281774
202648
465699
537107
814261
213413



528560
85739
978914
288596

254457




495603



365753

541145
210027
227705
943792


822477

885930
251299
968623
936561

282266
725414
246923
753004

51147
241037
402023
623309
327459

55231
82018
99685

733241

458903
480166
823657
851172
980967
576826


885143

347331
421742
803582
276755
853260
813016

622060
889618
645211
757368
551399
631737

690080
477383
317217

105984

869238

371292
446583
165082

355988
895363
289419
346908
81276

678344
791026
602473
106037

705388
957429
886687
505713
109044
664439
245244
207064
488670

345836
949611
23633
326604
293362
634446
834776
292264
647378
752831
52884



219865
88971
918278
363959
101871

265003
810446


427035
893549
358145
483787
157519
164521
870542

526387

527339
825852
639197
467961
373269






378425
906275
329962

839836

938496
571543


954376
712510
668570
877410

649839

340053
266396
887739
443885
286705
56951
734297
113111
833167
86

186731

187880
785349


884175

588558

355888
832888
196097
849965
349865

522115
990601
732638
345462
852230
956541
587064

924078

470068

923766

617978

669881

977573

234744
772650
876716
636586
256264
594554

853950
130128
87868

348647
844051
764412
311302
713623

661764
685797

289668

902933

448440
619903
319140

727742
342613

618691



998311
172674
440287
976941
364748
107160
443940

211554
29266
572418
854890

790293
99632
446750

35473

534098
825793

233954
344665

51063
364847

690822
843060
380417
374549
730526
249514
11488
136543


761887
811620



313676
405217
502843
258404
377287
93403
977933
985095
202679
232760
674158

866531
878985
334062

882647
715973

396860
631621

149320
125989
950672

42546
255447

683981
243726
95931
595607
461532


810159
226608
635877

249486
40471
148791

567084


721580
407729
514089

49369
911965
830270
764179
912060
727308

648703

152066
530894
100023

64899
53039


668304
581737

825517

643803
506192
68688

807336

78250
183699

125656

390827
332120


432145
535018
705710
208369


669682
497134
329122
942045
994617
499356
709080
677178
200028
494597



955580
464690
253616
5404
598933

279124
522290

136315


744122
547493
861192
659738

150210




778900

406967
105026

587641
340569
602554
511905
941225

96736

631400
365816

886771
712374
725515
322261
487586
873402
145308

652580
483464
720890
889744
220067
159072
122805
586897
737792

20933



924283
213889
421515
722727


789686
372213
537162
297701

813799

271347

323673

492803

614731


570079

576812
339633
625723



848934
450570
253661
524038
983929
854638
639220

735586
509340
243204
536900

141003
246586
562496
335898

407334
34293
213146
700341
458705
703248

58982
446859
898940
548147
573493
927848
280624
525106
7171
356435
110566

145563
255438

963128

205623
993694
253847

892868
70013
469408
681507
591008
928947
683185
158113
241407


627655
973581
473582
130863



478637
129169
55018


503681
217487

9883
274340
561905
725195
981165


53719
998605

789998
565742

523049
646294

211970
442456
35934
46501
333764

815822
841759

100011

513129
781116





33988
671576
905898
7399
649186
263059
357327
673895
639594




727261


642425
706948
591555
423673
255223

477787
341364
163834
224188
423634
658442
773661
314392
113850

690457


240626


868246
595082
19474
195267
474667

211437
486006
785667

614921
11426


810366
433352
527213
389957
108337
502750
280332
245221
732460

792551

280640
153281
550158
671245
787034
417634
296681
992987

585579
842573
857239
289328

630496
749260

448091
828545
608525

170726
74829
421708
501830
909094
72641
234697
87544
314308
985983
11582
822491
483341

508671
573057
684613
877507

925463
371112
207840
438322
706132
96349

475613

429450
350538
891086

139132
572274
81781
319363

589837


751556
973974
192370

745315
384307
891970
335322
505708
497358
190857
589745
394596

350590
617402
654602
967411


855272

901851
402147

172697
376001
71951
200877


66665
156791
996991
813717
855114
534220
824018

481136
828243
461963
617222
920104
411522
24367
762087
122060
881565
517400


537214
66041
913993
713581
118080
612468
848102

723854

185952
161084
110862
600962
74457
890543

768335
260697
724654


958959



39192
547199

700923
959715
882093

958993

360804
630100
236534
37603
504373
794792
104701





386783

916315


28647
164765
566153

324388
594680
481312
16775
157267
383371

209331
983278
573063

883202
960706
737869
564025
26290

919196

624205
582700



554927
15920
920617
451909
955630
32721
477614
418632
863191
253824
227661
221207
868402
817168
556115
367397
649606

178272

705359
159829
137994
535926
702831
105779


893047


709968
525107
649252
212582

974454
920752

188750
745152


659144
682188
366652

755532
393137
21460
114087

401425
787754
867017


908841

484263
719846
301165
246618

26132
610227


524544
279658
350554
793054
646220
909456

923112

729800
489570

998199
372431

998130


16664
98805

246392
729877

551931
947107
50262
224710
258352
819343
956490
640420
390216
57089
691121


842032
882433

250580
946628

268844
584919

307711

279143
597701
454695
679677
382662
125029
663327
590523
574501
23729

537256

710674

918565

992005

800736

232647
737474

462651
122966
19619
818363
45560

324015

580854

673590
303539
81217
961083
145824

318209
726309
666250
582025
170751
239527
58755
182142
806819
855236
129989
289748
99628
12652
6748
693202
786892
934347

949766

809299
893460

119287
657082


251649



131313
164080

697287
15494
997062
180515
627872
424279
252393

44888

812211

884813

60228
69156
908662
629758
303268
863309
712141
502261
134031
445000
9324
597478

341275

357928
600284
865782
640118

90058
322676
971610
253022
455257

752801
549258
296947
761367
629429
700825

24338
500124

938945
231884
625389
390307
925204

579947
729856
257896

924030
582063
796106
593867
450022
231411
757000
649825
353566
892712
173186
475954
516379
787240

97795
768838

936830


950261
998635


254301
757359


837780
376411
879066

138430
875252
348050
735766
248936
122476
394707
914406


719057


497616
254590
516757
539466

497312
881349
415249
129766
820858


231004
440785
954781

875084
979370

196100

9746

510109
100668
261230
508945
799705
145773
420998


243742
817262
414831
104217
57971
652702
937579
338602
665015
712752
969737

571973
792023

246499
184588
253288
108252
869500

66079
495014
855165

594781
968286
327179

320773
135295
917795

19465

76496
773107
172213
671615
303259

883621

550710



273838
186676


169922
671793
436293

469260
65671
560166
806957


812546



712957

9638
259918
227013
666162

211704
808276
241215
468776
937491
705252
475753
116085

6372

844597
665711
227463
278715




65082


675908
500653

539948
798125
989926

865327
748424
336220
569862
60093
115081
180507
6959
724994

180442
942512
765692
976718


19564
972803

975048
390001
173062
473699
900185
772835
650544
102335
987470

422966


113946


804999
845863

528586
577900
156858
156887

579867
34187
913799
830033


880713
7068
17789
987875
618649
495696
365227
252767


758991
475062

767248

770017
99802
965334
468007
344866

189788
845937
822658
833591

696363
191574
368696

602921

856499
866009
60689
895662


919493
325988
598618
82982
320457
479525

526792
759456
33495

766868
568751
225294
313830
193015
335531
11648

364091
663838

236561


133362
371922
832115
494236
49687
761448

506333
738432
711041
979787
380909
970200
601891
976948
979938
568141
382955


875717

536624
704501
953660
285127
608938

259785
641060
774555
582775

371741
415943
797633

687052
396226
201585
20087
901140
805479
279265
223810

3254
212911
996192
407835

408481
526903
563223

203648

461983
15483
284278

810071
458682

426115
566192
970214
379388
388390
799139
922354
167786
426619
333304
299832
850005

781058
107494
193124
422768


278303
726036

840947
437202

226183
331398
525638
330141
232414

186508
267637
952240
882880

846918
732380
957937
121094

425272
858255

472665
879217

158992
965362
51675
485738
336025
567588
661447
356261
885771
780809
480634
205254
91213

931416

577672
613828

968380
823687


94487

969683

997245





582765
349565
250848
616348
684772
563614
438700
839911
919210


982223
940291
472664

562902
984798
902079
962778
405403
854018
180270
765633
74097

547858
75855

335527
982354

911852

676043
389958
72984
523377
243249

365335

659431
256410



334582
993321

797238
397681



186498
784323
155080

452692
945148
801854

641591
848469
757982

158039

146313
833923

276144
616073
908710
218873
942928
326318
624976
513594
924018
627944
343944
716643
111911
471428
474107

754396


146243
250380

931054

438831
14125
562336
374024
683248



41905
557744
912876
290985
656513
907062
865833

647340
694387
898459

377031
815551

157681
28050
256424
49080
991980
405455
674022
148184
697616
887443
23388
449629
447036

549079

474786
98890
114176
627920

256982

61621
982011
569426
399375
843849
597942

62454
186446
348842
303287
6047
395505
165110
468847
133928

362916
389075
50873
605490
178813

415739
305776
52442

669262
147591

274605
332985

347427

915213

249104
363976



753456

593904
146035

119637
422560

814338

125710
245563

957296
508799





56001
38477

706764


76391
117721
503007
551
146079
784079


833317
880889
748116
495650

888228
636610


983251
598432
842946
448377
411580
658955



179800
37160
572672

67119





275405

789695
844185

671524
410064


888785
602901
327552


687224
598282
512653

3505
826191
32111

472952

422648
255795

230100
9235
999236

522815

436085
339475
525829
277391
95240
955897
17102
280622
93044
159565
506238

85043
349457
470601
446308
290480
412865

421696

230175

92227
649483

347800
586621
807435
763314
48941

183004
687643
855647
487936
418229
598014

128924
999380
288091
760413
34360
384041
98696
971463


769055
655930


123002
491188
35334
520589
875203

671309
97117

409093
831840
827791
242732
401810
917436
495908
252286


97726
452631
438158
591141
666069
171775

714924


24284
556755

907969

678453
289725
88242

396972
933458
553106
463442


792556
159938
891124
326154


600822
768589
852577
816167
531014

706161
111931

918562


479215
134463

516883
974432
569261

986974
454262
122081
395928
622749
984905
217489



926548



669767


249258
110484
667678
890725
945899

509231


631106

217970
603274
544017
828975
307848
666917
477926
67710
669174
241670
336804
522025
693139
504452
732457
69503
522277
800722
153928

738432
63814

385284
591737

606098

121674

396449

546211
23992
672074

846346
342284
970375
86715
395862
89379
97371

584289

331098
90268

601413
799590
240185



338853
267442
426571
84868

782670
504359

6245
161609
190803

804364
77200
958378
387426

606815

460179



572613
615682
753509
321139

290151


661519
23048

796536
295064

909663
250502

704027
423669
653714
369868
486735
128233
364478
238528
619064


529220
966518
269100
372136

481630


620086
78365

979963

917315
294200


446400
737433

244869

305043
213999
10980
467630


994908
962496
787539
962895
186277
179552



10662
407714
336189
934800
253534
272036


50456
511737
155223
742027
561485

568365
184463

970780

544487
752232

966804

918584
203880
653361

878421

870426

217398
936475
421611


453684

349270
757508

815241
669000
842118


71417

919863
880023
404058
401438

177358
628525
547136
50146
599847
812439
114600
139409
179911
56749

228109

839841
929213
838670
381944

62380
269815
775729
110202

968231



269510
640272
949294


28578


144521

567344
99342
553271
302147
973387
786671
7780

561950
194388

7214
638560
591820
535867
402687
313557
727236
260398
996596


299350
199529

667771

488470
51626
880911


514200
245412
616313
555845
680897
558770
163255
864559


128701
167011
19903
703851
211860
473884
315305
512884
921055


353882
58077

264890
144616

310342

257164

291874
411219


15059


712609
911202
226174
339613
188294
817441
32053


951924

969778
249084
817538

276387
857948
55
637047
381925

880373
378155
750929
223928

616489
822136

737902



596433
512689
610741
489562
457210
50361

361955
733931
365113


23334
940541
303260

61678
124212

542919
885767

305615
187017
717114
226344

258899
761119
315545

641334
351766


554628
382401

875694
656709






975924
771678
298614
486060

994229
375472

766889

1547
899388
900889
146416
664087
263507

9775
815969


6060
202401
818251

177787
712030
333481


976310

455168

40625
768682
71397
435102

142757

542937
57451
407314




448724
591869
169844
408344

736525
458365
83022
589853

478396
894775
35343

306219

586058
842865
677752
934918
6538
433819
385872
626879
912992
242343
245996

540899
437124
917635
288640
291958

568702
104479

262334
555911
295341
57260
350006


761271

468734
509872
698924
364029
465383
124221
141995

682570
306926

593283


131724
94470

142477

306116
262462
695014
268507
148332
430797
364850
2904
896968
531394

449523

440132
372133

353450
993230
306381
681504

213951


544958
152824



640664
451769
766089
211880



288267
900606
181314
842500
351117
590494
514366
937139
534143

102987
842300
448559

172299
875348
683803



327160
61613

506201
220945
168359

197117
743433
587471
191414

936483
465474
430901
52910


74224

981985
424847
885871

104963

93512
373327

833515




964095

519137
537145
882739
235092
366171
367257

86498



813321
347044

803194
372415
233475
337960
681335

116324
725467
488105

184696
443739


794365

246351
256425


282722
190175
584798
170419

65250

696367

527809
820740

391337

401582
943819
154164
980167
619226


823218

107061



266550
464126
277773
435543

984373
850602

710699


735188

598502
999796
49812
680540
459009


903443
759118
601278
511045
232361

565655

140822
884989
222139


365407


558621
496901
108899

806321


327459
865419
296542
405077
134543

43153
875693
945374
475011
239662

720266
887172
579531
690348
755112
182833



382473
628706
641600
112298
378095
371907
270331

138814

897189

546683

461457
186958

190312
503074

868331
559864
118561
885214
551895

48411

919176
982536
772559
993540
458483
275471
783240

982650

505232
705810
760066

351585

197172
140015
764304
251121
592470
867209
352978

725647




129093

248496


407168

358635
821550
378679
107466
157589
9974
622344
159467
600744
912028
164351
48558
522071
598920
555974
900579
802768
33777
1937
911427

452560
705080


527120
90588
653789
52569
902390
251961
278726
125822
469509
290850

307235

441845
49592
964217
575843
286989
602100
25389
927031
598748
415019


506290

565261
245977
894050

712485
249829

587601
172417
688042
674665


403271
644987
597185
29378
517005
276639

636773
597159


914402
218428
826422
748847
146345
772868
208879

850748


765883

135710
16485
739461
870301
616783
909347
950236

242243

422638

401360

326427
243082
626036

546725
708498
354741

122886
998320
210504
897063
640392
377615
299513
30024


32532
956326
588042
615202

655233
604749
125486
680924
282253
541157
731083
158123
779963
144899
34506
392511
505782
371636
418370

709429
749531
181257

199068
657704
140977


794633

371094




444305

584591
488217
630368
241049


164576
382840
935787


495794
13432
18292
119062
32835
944335
493854
4890
428916
662514
840776

299588

722230

142153

33947
374025
165669

591631



314740
236549
129584

634995
282537

324265

358034


523795
515284
797371

484346
733331
691365
189902




724958

821542
453831
759384
295383
738423
630627

762999

615340
271812
271398

277623
974319
62007

428569

559119
167588
494851


134701
35910

951407

251116
568357
692320
751691


931799
769131
681384

697911
895262

847633
625824

930593


967376
622226

823889
608950
851506

221393
942740




161946

470909
965697


443214
990974

43741



171613
861090
509710
515296
760494


206259
183575
380150
720948


786751
172201
151440


790972

477072


795251
589164
509882
932783
186212
508412
417221
183896
388054

353916

953835
692651
898975

512439
857256

919123
616151
629331
802281
729242
469875
814926
114923
469181
922878

545882
128436
233902
826660

644994
931395


971169
668503



605628
601417
352359

36761
931788
739608
646118
826105



519851

292641
964448

927354

127372

497718

595993

412003
743000
968059
205175

826247
727824

818586
915271

38761

240058
161554
564480

490832

690593
241783
990973
68862
612932
989560
281602
640890
157320
257203



599653

603466
962962
780200

564344


167011
881940

1726
346494
95803
388793

81720

738529
580388
196970

728460


209684
545987
490325

506002
976879
230043
614731

628413
739921
64239
982790

853331
982802
418280
30673
788483
733355
477088
594281
944962
159287



19968
259694
677801

913136

471508

602260

349043
574409
487563
817003
126364
163024
304122
375007
470663
375249
525732
642828

597976
100616
177179
242141
809627
386155
731868
49527
34056

664310
774293
226663
307379
894741
95859
836657
408059
207330

20868
436179
409812
747975
666412
597311

578451
236001
918298
953229
375559
428615

874024
496666
388975

509626

283892

195276
814656
105022
198031
90912

266817
167603
382131
222495

560408



678959
981214

258604
955675
546679

492499
616975
542463
111733
549132

585632
827255
835312
174966
13953
468391
492021
979648
373092



528041
968961

829063
7090
658625
556281
386428
534662
330154


408170

50520


937133
433306
627005
256599
152620
178861
456198


344769
3174
609668
42748
451217


23589

433256

736900
306674
540092
903695
209264

166799
707844
480916
159297
827779
329117
928011
143703

310090
392228
671581

264148

270883

444833
840315
612669
203110
317962
179011


443658
644315
486251


296388

446385

768804
709860
77958

652148
783867
964119
893895
676696
138944
521098


768340
694875
972904
124995
530782
729177
756166
857580
910082
479481
748198

450205
216525

352050
236459

284915
3552

796249
796649
181419
600579
697170
996402

474103
906309
387864

864959
153893
516826
732018
810822
592393
600066


828084
377522
176745
410943
489128
809648

777782
460909
311469
77276
191969
340170
929993

675782
757506

852462

475936
141243
238671


84958
946840
569033
264880

369194
824694
128838
233583
332853
816302
179331

579894

847825

425505

969323
60605


570048

974220
35859
962761
84809
971278


799690
138769


410638
274243


55999

267884



202474
170749

819249
112564
539973


566076

632845
957054
832737
5933
475863

784539
374416
314278
95486
29735

128535


545169
447466
443172


968154
392733

601356
487627
879968
423493

837587
942801

545327
924174
669897
989233

317902
574540


504855
512656
811107

724369
973166




585063
508543
614241
493865
779962
283821
500543
635622
551746
420169
517414

27909
448917
154550
742209


255934
992995
583887

828498





868781

858570

63635
156188
729427


978973
247562
498099



151360
110896


905214
593239


111625
846118
954788
117955
640252
329521
834491
450298
986145
666957


473729

781857
225741

368220
621824
911295
721474
423884
641275
727051

741292
547739

883150
111961
588092
666964
320552
836533

206970
373762


864074
518051
386768
538130
280292
980503
51213

293876
81089
316583
225511
142206
780482
882643



334197
778164
430615
726632
326472
516827
64802

396603
988288
198554
465337
98246
162953
536988
331993
96256
954317
191071


727935
166442
43767

385423
30963
972856
370715
189257
884669
584579
871427
560839
855285
152525

858263
480764
567666
727063

524325

646000
808051
954160
314784

481431

878229
357300

334641
501281
973747

266631

278838

469345
785898



78222
496372
669498
372528
952650
361380
782413

784130
628741

320912
589818
783229
254740

403896
660661
518389
771304
431184
858604

207921
325882
907663

371709
673967
333554
775404
428864


265306
165375
358484


856220
812015

936678
856288
826419
399096

259210
597289
207441
17426
366997

702871
533892
894653

579710
491288
658716


80204
960703
60610
704545


406298

696926
338959
483549
326047


770131
288301
955794
540578
274726
817449
267504
260129
458043
253405
301790
543268
691644


885663
875591
603729
420983
495723
678517
501428
417056

229104
830138

499542
528763
310191
608050
345446
153158
569421
26545

239966
418241
368814
150451


986473

895202
705453
805306
722284


310093
50108
278824

706524
207589



629686
769165
233739
104846

2265
310740
323718
521423

34733

123412
212515
190693

384977
836896
209916
510345
745832


176884
195594
68900
473433


937260
780246
57189


617076
458393


104004
716691
569678
365634
24524
518589
365184
208040
733755

814832
886999
202548
173420
58825
907909
344348
664236

672372
500049
678196
637876
42754



174801
948139

576446

837883


287363
446922



823696

594191
661501


457046
799243
43357
246985
384071
981914

668064


322205


293943

490415
956660
160865

639291
536153





951178
148303
173521
15691
339917

575038
46181
473822
348207
427631
28329
758628
386962
811066




253167
411689
744037
392914
273708


981734
150698
219547



729335




984314
556903
9235


752774
360563
781315
838631

973104


3065
747638
681595
794546
572632
988757

611548
620377

113852
566948


591255
578995
620887
545849

218900

531754

38946
140634
192604





445134
794003
856708

646601
678960
509840
723728

375100
905559
532387
508843

744039
368555
502778
793757
749910
549260


478027

431090
238819

897549
656156
765931
424906
839456
134938
937138

126129
46995
781481
330866
463608

947586
264771
544928
905972
738137
146838
351496
44664
745005

708921
330577

184465
944476


189712
55864
501284
240563
712221
766503
908180
916752
288662
850305
86432

295236

516349
998269


413188
429462
230116
203187
206609
36466
92793
309674
346372

139107
362949

382012
445342

389187
672434



635539
955853
61681
640230

510451
372071
785189
736229

538942
982601

861601
380941
82644

483769
470556
56782

757562
193130
223571


335380
733284
633099
22822
669016
147527
528799

48822
462130
103564
243238

394472


712793
390416
951370
515867
187848
137813
702148

303050
960075

255904


555347
841533
122922
243583
907158
348924

797024

41935

252576
993815
63214
85474



630329

653441
357305

531885
442462

571260


510765
764421
903648
312319

81496
434505
324745


405558

343844
858390
769151

107940


866150

725774


810205
838063
576430
172978

822201
106392
26463
528287


849029

295457

614657
282548
516527
572196
100691

411605
476907
487072
685261
148902
833182


513891
701798
777639

948658

406270
906552
231894

73743
148382
25327
504344
279276
656638


356699
172014
88741
368191

196277

187575
791495
891565
829594
725168
16197

947280
936165

244112
872611
597576
847915

401309
31287
510722

824209
210806
38895
59137
912563
233790
684857
332418

244000



216305
664013

544617



311772
672206
314498

14565
732799
48380

227300
476168
864655
844636

731244

137917
960617
338497
211117
884007
488608
368342

681566

831305

36697
307775
876327



42776
848997

391762

765798
793168
258195
74042
237004

954010

491364
342463
564356

936330

83008
852799

621676
329769
366378
666089
912766

763114

677184
22188

60795
718503
313421
929167


873628
627130
574942
304021
108911


225298
125119
355505
803399
979639

106766

527998

659852
291133
824757
74952

71201

583942
687292
473419

926692

483863
835854
333940
330972

4137
233150
519085

441750
133543

392036

926000
569873
658303
921894
148984
326155
383304

457863
106077
607948


61464
425601
765130

750662
632058

970987
595419
548968
925860
300981
584137
200590
521681
999651

108767


393347
691065

695913

919789
334775
594989
643363
484822

191085
831345
219720
558371
127018
590154

164144

145277
299175
249309

691624
834510
452896
43844
837157
572066

531118

152729
867137
695733



581661
505463
544671

627527

802268
313251


370095

735083

634590
121718
563957

511677
519401
437265


380989
279812
5861
704862
818512
573190
908412
84701

985051
888279

170684


710748
257046
180839
704873
260060

948700
24580
46976



478584
81204
604073
679965
300498
80664
954327
101735


746214
845681
295109
252577
834427
221013

533835
444364
18841


520001

504164
910834

898697
703149


83555

291136

538559


548857
394383
694870
701485
829211
924849
175923

133542
243079
799649


287413
175207
263498
486173


671889
726122
130760

950377
616635
659835
915620
883275
746514

86283
479033
924650
284169
503947
845366
450610
260333
391118
168515
95982

797558

629852
716106
983389
648021

336868
412350
914969
290680

934070
175654
46683


534609
732357
106685




906080
482523

868918

298571

839887
597872


444703
637118
744365


922534
549005
931658

985851
581642

643527
81663
483122
255077

213374

641083

641659
691763
264234
431594


933973
30630
491162

181519
680460
984873




494216
15269
232992
858948
874171

81325


4164
125661
140419
102105
250868



977606
504856
576501
82387
631952

891721

463743



937502
517562
707999
156036
424569
116058

684855

445093
56322

474551
811207
410138
153947
949345
683594
191677
173524
365085
814619
905768
740375
894353
453428

2606

973059
578141
131838
83820
902582
715195
386520
823665
426238


832468

513453
257022
158057
424431
983558
125043


366246

137448


48103
262582
505886
380298
253409

705107
435053

339353

15746
816081
700928
706712

453898

349163
275535

488508
411598
929379
401084
872223
676479


209152
826302
719244

739181
797074
354394
448024
53084
241647
882047
790280

76601
483239
999746
865058
272658

881077
929434
489709


670928
864571
701764
222916



44664
139868
918416

404402
615306


55460
335743

918399
908201
715113
418256

302983
263892

119246
234150


528884
894395
499259
653622
219048
641339
789927
618851
871412
632664
395265
798315
305735
285893
366041
953350
359460
372155


44682


338067
752392

320159
177502
255306
758082
30514
506534
538714

439867

820980
106021
372807
633532
782885
999604
397542
121685

603606
406488
742702
176974
292523
907394
292665
73522
534023
707952
141172
158743
629773

572408
870656
520945
625558
95299

738217
981903
432515




828203
569533
990510
766332
985501
215094


682240

543718

618987

370245
281954

327349
260905
764953

972250
691649
135524
62309
826780

39489
876705
89105

840130
942371

430943
883798
338342
32355

612005
134858

652259
502509
833716
260185
891178
382549
539509
341164
146902
848162
241069

115028

580726


306806

985772
352500

461816
597141

39834


27567
641571

53992

160546
286495
314523
629065



533625
808553
569552
910911
786223
627582
299739
160633
518328
485310
526711
480456
588822

793104

315425
8688
371256
321869
606065
494821
579687
65323
193748

745420


951336
146459
956838
745220
616007
768294
8351


370658

785583
190169
918125



845175
959135

776817
10756
617555
857169
256732
494635
856421
633343
758056
11552
397301
165606

216701
344994
983818
889796
998696
288032
582339
400016
933320

803884
992677

909916
801470

967920
34213
953940
569879
113677
973820

243453
13411
861236
389097


499399

915429
439500
16711
235819
177041
96770
945652


15483
687783

812462
894597
105972
802026
141921
27194
125469
114803

280103
520232




688098
459244

706894
803987
923989
336297
191217
85433
267133
20924
140890

270924

209260
421925
568680
12056
392416
747002
257673
374423
224398
986476

209074
887311
699334



845879
450708
41650
949741
65875
52566
422727

413141
641805

339830
2899


559991
65143
397248
622603

743464
141394
764840






210273
406627


980030



682769
182661
741063
920659
518525
260222



150679

910559
141661
221696
203579
347570
800927
239612

689514
941446
897284
491259
153794
325319
273479
203961
672940
920041

731820
945661
247099

276368
527905

768913
881591
177130

503564
926185
372316

770089
932400


103630

415331

630762

256462
80866
335284
750048
786170
497967
812280
282101
1915

933614
617726
891632
949200
415968

975363
774800
88216
973933

309539

531756
885897
736625
856316

580009

251748
631147
541346
285528
331299
765297
275527

835253
731805
553666
999564


867028


814426
857898



577056
625987
682242
277316
544012

706718
92331
372772
582032

428201
259206
380969
838546
104372
252782
253244
620077

501841
809103

499525
743067
955572
261781
455813
535151
235175
708325


957987
737440

276294


542919

148483
252148
22691

84518
783231

71727

135342
48757


562294

322822
96123
480708
590830
653318
578779

499977
489355
845557

666121

629407
541381
330772
503342
331332

694473
775450
645921
393358
500134
999599

646957
6180
765121
960244
32483



178717
897985
671074
617265



558522
677527
181313

366851

451246
330259
958341
191261

153448

573321
160979
737090




188341
922175
883706
157043
443391

692477
673667
845310
758054
952081

567554


747777

803683


108177
511986

533075
485123
349569
824233

172582

208668

259671
618039

904225
565605
316754
173504
76687
709017
235681

285259
311341




451227
158064
646451
319345


564360

735288
346071

700333
821053
898767
718535
913696



335917

196183
652888
155220


637240
720638
767437
994815
738901
376627
124553
42667
73274

970218

76376

51260

450494
661746
716306

688667
714337
973793
597966
419736

718552


545198

828530
252031
789933
235281
842831

607350


956290
828466
278853
820214

590457
578264
385090
883454

257413

571543
259077
33368
914160

587589
758965
424253


760284
193456
28570
406120
739532
11165
353200

642768
631340

561077
77594



539675
319626
433963

39636
771586
47648
238570



122163
777168
712138
639310
663584
490129


650561
862764
492795
857560



476526
97099
354756

8152

35868
662232
859456
191126
554570
298570
133010
711662


993221
732782
697633
446604
734112
338930
558149
347249

513341
747977
426787

768147



535719
669033
913249
729739
810147
452976
827531
952258
666153

207459
643674
24953
463786
65180

535361
669040

332913

632304
606475

396754
348814
795166
113490

150838

751640
65658
273311
406421

494735
247837
258261

48812
654026
552688
767206
799583
245405
643529
267499

406118
425961

334401


914216

73533
973695
432404

997022
388406
874501



539709

67219

448593
690936
483622
652509

265656
403326
750020
809077
114499
302989
261712

563082
790272
906191

843630
963310
730031

188425


495913
285866
972887
229830
171928
71547
167974
430108

166948
867565

306489
846108


920474
318676
119772
753040

21110

624285
78420

891396
998158
123925

796093
69096
574032

870783
457979

460149
101962

221988

232558
80382
939321
206552
248514
913495
566232




263083
640467

173318
839731
605205
961246
10362

627054
629498
505398

927297
360495

527571
644791
879364
688485


62166

922792

684634
382049
325525
594203
345629
977961
746273

47370
929863
109540
992107
477255


889362



746053
54519
265472
791844
306135
654493
106387
86794
760961
661921
965315

243279

520378
298520
389235
421677
555640
638735
991699

864160
307871
308440
392133
215078


541867

65112
48421
406561
302750
187435
277235
495122
674200


823116

955851

235789
727576

289550
219331
685628
969019
250892
38160

393150
121635

87802
34455
538239
21395
511417

927874
41791

924848
601256

51688

421722
655402

614746
140986



340097

4800
425109
158466
667106
278697
780933
699812
962696

557037

17927
618713

881445
615844
562389
328812
112398
391543
565221
858454
458505
968095
499294
861738
686971

598090
600690
711233
245957
620030
262987
443406


347360
414555
703675



101161

14379




519153
688373
397293


964546
348496
185138

440346

109106


417095

564302




276626
906565
408115

775596

624581
99909
180528
740269
103654
941748
244864

572410
587619
621964

424741
605688
61089
673620


492612

64681

541091



347180
708005
97952


752040

166873


71470

940962
792090
956117

472388
811722

696777
541157
654853

391053

242160

304847
278080


878013
277699
459102
529634
466508

379907

220937
258468
593592
219010
225307
921614
753330
316247
152027
671424
74807
445747

947739
37350
779858
279843


542003

122522
656377

722431

114901
755550
275235
539780
724994
462299
414481
26333

401163
459921

658559
250736
779095
53695

32361
441999
132108
673843

205752

660418

108908

558854
309970


390014
22343
821554
971593


52176

213184

396183

791275

416309

484853
248216
339071
722075
761774

598382
660161
300488
30149
994190

25323


267299
880286
435482

326288

34767
970820

209455
30158
263496
556049
217460
984100


260049
963374

970886
811567
827240

571561
894788
120035
436923
133267


386990
658971
231364


857850



970997
172978
344055
412375
593461
733478
178184
712038
351552
24473


861797
829231


743576
229550
949910
335271

620010
56865
596305


590869
994887

18031
159649
993049
500782
700504


925841
637959
870179
371807
698787


414559

690283
162300
502215
734604
640824
317478
812009
508847
233955

523564


265720

665265
175898

48661
18034
2753

282443
847098


986738


364427
575220

157531
964186
412890

778429
832619

4670
411582
216105

724692
189784
360547

822422
291715

961219

378595

903044
699514
566883

572337
804673
327129

421203
265342
903580

37100
866536
877272

974012
190659
72510


557396

919485
4951
72440
162658
621609
762906
212143
363590
466292




535926

82494
995829




625333
593080
168848
520051
430931

317438

643395

542773

868547
49089
420863
350602

626853

985318


612261
583547



934397

330706
844913

731796
607931

438692

358400

239109
724221
38400

646819

819891
374932

847157
303689
485999
886582
285195

460118
252130
7390
359272

426139
274823
890711
42222
924396
985949
568207
257724
728331

876967

287030
131955
934577
472067
594354
555735
571372
59872

129579

43487

464477
648521
112841

510902
951240

501059
106090

326531
70793
448353
343401

290734
664629
842959
531650
621993



328487
962801
93386

34079
761862


651303
765990
188817
411183

975074
944306
51496


899428


133137
464871
845813
385341
864205

967013
518693
802275

771485
108366

412904
145914
405545

909221


217386
26045
91812
195975
102196
774194
426844
893504

835019
113524
675131
230088
133016

784767
509404
75109
910842


402143

10449

217595
327627

43908


370948
718963

154626


900485

915557

660096
57265
676710
35303

84017

317993

954493
734318
850428


65517
413721
111106


156011
167390
136699




728248
346704


308207

618596
404330
687226
286163


258685


134993
566168
720966
452373

538886
792144
766637

682017


445937
450387

807390
697775
712246
286794
650137

444313
284482

318321
313157

970154
817769
324584
870769

281103
212483
722727

444823

572055
144003

848254
634844
656747
262836

925662
642301
650151
147675
181553
360350
286960

296459

324607

432584



25535

606283
659809

77518
526262
502539
127446
727310
766022
673646
823913
14444
374090
82081
822026


126091
482357
53648
525483


626929
63047
797389

228483

11911

981128
935037
69934
539697
713322



822156

926186

308917
141633
883156

870905
692868
629303
484973
497049
432406
464542


198284
880027
804040
339127
142415
902970

385244
398293
723706
231279

676820
147230
716666
587708
804365
745794
125813




236298

859997
91408
940595

663806

645542
608610
852515
135633
34134


858804
507147

709565
795975
508100



777200
297231
493275
200976

874768
622201
736296
804732
744432



943470
18831
434191

157260
165957


952215
908625

497761
673485

326708
405391
18953


166245

611409
289733
222762
28862
619892

679804
621727
48768

498197
987564
668694

192516
617892
489512
382333
856274
193911
55978

623183
294490
54792



756701
696452
277057

261242

406968

64911

258937

113103
966185
399461
387334


82720
363961
24283


897655

835706
677556
294119
907702

48449
119631
19825
122558

58744

940573


727101

149086

376775

855397
286571

244647

609918
980204
86434
63207
592920

875396
674034
304662
619259
710335

4711
654826
512910
134647

867303
609004

907396
535626

162719

408453
256310
839074
16624

650722
460381
559299

475707
4073

15137
450595
389633
665345
857848
410361
426685
620921
569450
844137
840851
613849
989169

878560
951575
615170





485517

539472
33275
913006

26372
733407
140961
290747
424416
178021
405748
976861
496763
577935

537883
807817
605000

317564
912046

167348
976647
376895

276559



529383
402345
857495
328004

403526
534825
581795
840
277381


242864

484023
407355
516294

160811

983360
789123
157576
925710
137345
569957

290520
82490
657331

309831
99424
859135

397114


165807
638241
658652
574913
578404

465047

459056

931458
727994
685174
361835
929629
658937




85906
857450
326267

472501


51760

559847
181064
424612
831827

651100
641213

902955
965542
479018

489064


356052
348046
177933

548932

817266
567459
803303
863295
162998



876284
115716

424932
796533



303498


132774
235333

405915
294026


71941
113993
267079
305173
315635
10327
484031

444788

757146
963007

895661
645352
853812
975013



244668

172329
802377
880549

450998
969127
961200
553461
669532
672494
614035
250406

927626
767498

895522
951560
779858
585402
178102
102251
686172
981553
415751
445886
469472
356327
194348
847892
348011
308655

952175


117007
109521

808538


132353


811643


576695
107532
555554

684182
755494
294840
780790
401516
616168
683693
88350

311831
7330
319308


291176
57985
234028
641016

520070



802232
656875
496579

690642
701932
545261
56238


767715

341742


93240



250399
5519
176836
526801
219322
42543

896985

673057

992013
524854
980916

65098
128007
216998
566385
305912
582154
303989

568455
264418
344033
435080

15567
690869


440402
748762
22100
849234
376687
986375
514678
104337
354987
333031

460434


453437
412227
226726

804017
853442

905078

316248
334844
307644
853894

153592


34716
703350



353078
359481
762059
48619
983908

431799
20107
891208

75256
194267
826628
409620
58412

883954
422259
527376
279693

334705
139090
928986
817570
869337
545101

848075
269563
539532
647350
125226



163050

397029
73769
166479

926937
926419


158028

853653
76052
22111
983707
509430
395905


555891


991109
242518

398163

187655

614761
67098
854099
612522


537615
883204
31145
180504
606247
765265
142527
453171
691644
686216
486862
118966

619806
959509

421009
862998
968658


45862

633209
788350

979560
316078
255016
159861
280564

203613

400284
738726
56690
513429




317621
866889

324144
802034
526280
867337
856354
60906
519385
523071

275349
921517
990092
233996
752436
774757
801679
536787
577779
872398


910495
681468
34143
64334

893301

295511
303262
972925
984632
3878
294793
836862

982887


717686
850529


732066
865920

486707
269477



930343
321013
68307
786314
330073
620946
173102
766712



373906
878275
68193
386340
140631
65232

709959
111433

789202
897001
416538
312237
7212
123375
293715
146398
742464
756342
55646
44038
354151
548700
276318
862103
517039
481276
480005

261595
208082
976241
827168
37580
582810
706531
291388
917434


720585
772758
774630
683760
769554
686529
274569
317019
489284
926257
357391
868857
596275
801891

53448
511145

601986
276799


220883
32766
134669
188662
642356
962818
91984

938803
116938
812584

733534
887228
721984
778815
53485
695876
506991
688038
134738

406132


300578




899802

272653

280828
755624
595185
935958
630404

730375
429829

122801
478819
756816

173279
263080


159360
595909
197316

679071
825048
516822
548076

678974
594213
800459
259219

976770
506189
407873
87511

857072
886124

49984
335741

956107


462298
797817
634623
440914
955419
349595

373541

99850

769858

116382
740265

596523
718685
674245
7560
807180
100372
606122

534925


325986
641148
242830

930798



961966

680218
834542
968701


377885




661310
792871
26419
929293
206837
667294

657455
472579
69162
760219
79544
168445
431325
268270

903706
967079
392758
657743
425009
353720
993868
679428


977835
600269


902533

525719


961668
879360
950898
956621
96054
320886
130449
706337

395343
88460
365811
744725
484389
105962

482186
859597


189708

218583
282189
761235

616356
614222
57126
849086
442187
811107


242958
127802
944422
663338

273675
800237
373146

837970
682559
412187




331611
274671

817895
309867
274490
439481
71597
289265

608826



95923
169325


253133
881032
445051

493756

785190
357112



66552
500071

448624

911276
810941
765813
145790
738463
962988
746065
313075

992894
605007
541259
97337
367091

179872
948166
835725
276926
872665
283570
714694
560753
292651
374116
194470
326122


294687
252676

219186
807578
423979
402512


178026
718617

422503
94975
617403
840749
234843






781854
505051
248353
822843
705681
234766
346789
417862

999223
248225
780343
437783
885444
793592
410102
97197

83210
280290
99199
581211
993211
377715
377194

724042
447615

767604
714673

441515

52599
754719

696669
541470

954653
845237
50472
513654
879036
644485
167196
76520
67904
7708
784789

548434

697106


257507
225139
723041

900517
313712

583093
833801

655526
786328
586034

201805


755159
419825

251109
48331
245164
363150

722154
119287
353512
413606
953836
153693

469261
856204

104173
691893
229038

724505

780557

321724
363270
111619
536020

710197
115674
832823


947797
104070
681886
55118
550510


220936


623717
126429
985357
366310

531752
653609

562313
190166

137692

93081

996271
262590


400120
332614
222426

880856

317677
107682
974144
976916
198042

485863
221618

118691


527444

64776
657794

414331
964633

548773
856720

102525
786692

178981
928865
17651
540355
505575
75087

213512
768339
489177
511105
177838
245895
971913
813503
154355

824331
519660

87308
907932
615548



650947
752657

474792
566291
669648
447534

350428
48894

455090
895654

98287
982526
494352

246903


958747
673496



102123
140422
351797
60452


30802

472908
416946
481065
584367
409381

973973
641882

305884
817014

102265

449986
259590

771835
336882
748096
352318

602012
707427
259816


347337

599249

687990
97036
110257

796294
67774
94069
48171
405312
494743

564520
231102
903098


596144

682336

495001
747833

291761
524418
953526



948983
687170
112469
333152
593013
202096
101070
238509
878347

790474
124939
182194



424884

19041

956599
464241

893648
378164





247309

535497
188283
763096
585394

66379
110018
587089
216843
845270
712458
758619


97280
308313
541260
516137
601881
613493
269916
269724
618668

238508
982006
511867


286889

380245
988581

698420
803244

443089
308309
44677

755501
241267
365600
652708
343684
530375
257979
712010
650808

814367


767372


962840
101433

419863
503736
828537

513830
385720
89714
151432
490467
810220
205674

847133

983982

482658
874137
214134
115972
846536
996349
993830
324747
484011

203845
598478
404799
618492
154565

555592
640708
472321
846256
502085
131414

697303



728048
56439
329800
716859


889362
170946
310458

519716
726998
743965
505829
355908


148825
668595
541478

528518
424747
909987

670935


490475
856244
937355
199794
672560
602322
261641
337223
992456


643096
287987

918971
866538

324354
966551
470707

882863

576123
485280
469791


754912
595281

620822
172319
903156
226039
376583
509866
352448
34789
756988


950898
849524
965513

22203
838562

199844
480187
938748
974291
967848
617370
226263
460955

851160
24773



322849

970031
225083
842285
449916

110855


916534

453926
895290

620694
399433

956635
434016
211615
116218
13754

851766
849254

775482
813918
8275
447508
250753

386578

779475
230670
146682
815215
193324
229401
816487


72019
34592
145096

598299
18841
739735
368936
893374

477852
337049

460774
702529
845647
544241
889123
937871
484900
817752
449622
536056
827305

530474
844695
222515
483165

135700
477419

209680

8267
257385
119748


265307
250631
239201
252986
479742
281927


661740
943991
183030

542333


919979

635529
472566

901264
757167
747348
265817

949143
305650
364593
162373
910967
892350
346177
139210
670321

518640
350475




667613

592895
183183

635044
519827
33780
404262
846719
934845

192557
497663
766059
628407
341148
295134
174445
7961
404892
934680
633367
666166
498191
248742
155750

165066
115193

912428
304273
167136
990851
670779
714846

601485

342725
775773

1493
384200
194596

833530
851167
83095
558348
850954
994140
416887

730926
586888

590803

246474
638070
928684

228835
20964
816960



837487
970898
286167
619129
287176
930907

221381
435851

111232


51853
779587

505268
214998
342978
590486

327822
755266
260386
914071
960479
394928
884894
193393
420108
112370
762407

434586
310826
769183
415139
31772

975587
328454
356046
464202
566788
484313
768879




19506
145903
799822
245320
798456
964600
631071
650433
258727

264455
819027


595845
222675

357939

150416
751680
997451

219648

53885

496651
716591
847415
872808
716486
705485
672401


544978

29301


246332

751716

127929

280353
964420

448127
997438
641486
925569
354225
270996
167506

44510


714451
261737


767181
513437
850009

677422
552182
509732
860029
287639
520543
227091
166060
432849
497350
827873
255879
636608
55223
661368
72297

381585
2331
160236

225272
943914
333244

495360

467712
966550

347936
33261
680219
349624
232733

419886
772127
150051


480702


483865
380841



590871



780906

18182

928304
938903
662595
77567

789255
41919
733946

209052
187881
797170
594860


352775

550541
719932
202759
309080
293423

568926

575425

216036
72044
273499

385460




70179
791310
420131
990019


98918
625308
560114
487968
719617
595235
362288
897596
56142

304959
215421
326385
795279
609589

501264
622723
817402

505658

187277


153004
241472
526219
733393
159791
564910
362415
421744
37210

540065
797167
183842
109850
885185
39257


890993
929980
856848
717278
657318

759471
631257
496080

892196
895023
916950
328037


947422


156082
920010
870303

361740

158192

30550


103173
991006
662337
746076
623848
152944
331455

386267
816316
921748
576600

3276
460914
226834

912069
192033
99119
685869
427578
462944

113892

270041
243864
116943
971870
106758
134612
184487
474129
4655
928672
838240



508338
50119


772450
757263

557431
655416
423243

390873
178656
375963
530882

398053
115818
566701
211095
540040

52812
142888
766447








989240
743777


263401
221448
890546


441673


238476
442614


836767
153180
239977


75712

3086

215957

32071
997611
413129

38631

504635

426457
68780
455519
847330
878097
20724

399183
677627

411788
19528
95063
703209
857887
630868

323785
773320
204124
984812
509567
141718

255512
398924

403023
545335

171764
265974
104602

173662
855356
806921

475540
524328
562282
281689
107494

372344
181553
572275

569745

610141

59329
508550
849390
323268
5492
609075


505515

551038

789298
320590
945583
571852

526048
187518
956973
115358
251575
7066
493026
179037
173770
744290
511269
996333

784732
983258
806107
34896
683388

93352
938978
396336
305367

889549
826791
277613
778271
831378
635324
242877
169474
676293
47784

436141
256083
697948



831733
581341
633296
177327
966555
758061
721313
503983

162691
7426
195321

949415
540175
707899
823782
238662

278454
740330
50400
923400
262388
934722
679840
467176
897452
207364

30463

248431
629037
48726
123636

773313
971666
687295
14167
388561

984582

576501

587607
732619
529497


170608
386965
915229
405227




111650

729869
828979
277577

318856
338782
432456
357364
586731

750093


320005
382763
573912

747297
520176

525785
775
259436

662177


871479
503967


562385
841086



409883


633351
312965

105442
962008

537360
239122

938404
954766
216280
633050

143169
704379

766831
653421
92515

21414
793943
838102
23058
487161


930970
411741

728620
748342

678653
154039

691115
813628

75136
64763
236520

977415

839747
661448
753871

174285
162376
637567
563290
368726
651801
992365
447159
72151
121545
550890


11452
291290

914288
309472
775876
678150
418412
141697
515059

236080
413087
427769

990442
781008
145515
761422
564702
617440

876873
671395
566062
62214
347194
373245
984887
745235
984487
193674
83175

810761
906711

705097
980751
370568
809003

871226
451146
206839
802830




646860
940062
242933
249376
360837
991066
624943
862245
460789
188429
823235
671612
226344

196627
678079
661148
937238


216481
688004

502784
71957

737420
330555
408983
314339
855698

965408
115980
452655
815254
158519
509254
500205
604372

875134
395794
39332
119485


781584
929980
179309
923075





87186

368837


610013

241501



623700
376852
602959


741898

283868

742713
388364


494291
457399
477939

452850
161909
774479
209376
906569
812593

90460
222453
921093
539470
913661
259714
825425
525996
627152

598747

92146
914982

838835
745226
903899
494262
395725



920236
621037
342643
396366

712754
264255
888245
67030
146367

483381
259799
778057
466162
686824
308708

182398

530582
436360

380271

747154
232189

638926

334598
955459

479001

389994

340585
911092
510929
129414
13110

682716



8841
783657

66004
575098





431317

540223
825743

903220
532902
591961

554151
591554
453577
735803
907480


186403

663564
198321
458474
255589
556527
142372
209883
831891
755631

695081


184246
329217
467943
904849

398804
939826
195981


30526
532867
988099

409231

14431
899540
591296
782958
59930

648029

233134
118330
527017
666391
655893
141947
49294

84095
116751
223814
304259


745005
68779
87444
73276

640792

106701
719348
320548
696409
443644

845492
820659

559536
534426

991868
528124
624338
518003

617745
568269
969530

303430

307073
179293
708094
456767
905387
336198
888450
895801

778202


499496
298188
304004
354028
466390
124665
632009
228230
413509
557048

391615

110522


53894



234601
394381
501883
516227


482260

305584

883597


491654
368929


444909
752711
527068
368471
969134
669747
636360
11880
414598
477820
737446
176792
984974
945882
252728
494309

939708
551505
902098
280080




178244
353651
559386


744491

336458
173772
61748
3516

141785
361092
63852
746645
39590


936691

432443

492644
995281
98163
489447
976416

13368

799489

919587
612957
279765
55495
534020
341381

627

689550
284160

700954

239633

656107
64612
883758
756228
5575
745098
957910

158543
422090

351020

946345
858402
887752
920287
915861
948410

766592
827475
218023
150475

830260
176600

608488
540698
744430

765596
769876
575664
164979
807449


506884
89666
528784



334835




123360

246728
262049
443227
135269
584055

596231
418365
671072
672571
141610
526681
372456
632230
567362
926133
823685

717881
656254

508345
82602
811105
577795


762324
278675

217767
667839

244707
415059




788216
849314
680727
562806
973037


452326

464705
822254
28357
164717

978368



458938
181167
225962


62291
614012

115414
779032
310310

650175
934741

996049
256529
631445
184371
527170
434844
524666
424730
835070
164208

558208
388509
718177
418097
775369

756504

576205
126399
775650
959865
285295

915106

19097


284932
637534
163382

648773

26148

290118

66688
601537
142314
698940
207908
385508

888784
40022
948527

232129
582389
139162

648240
818551
44533


452481



742173

736509
13219
357320
379312

8268
875191
204616

748425

858407
618409

970687
1933
65819
697036
295796
388690
489916



958477
228184

730806
31519
881115
203068

235619
301211
527062
985858
726604

394027





583269
706909
275719

313103
466634

168004
25107

314278


290884

691371
152167

30800
393355
286891


243175

634505

133586

332663
760243


428592
15839
624911
607835

515114
334275
182771

744336

390699
542761

846230

298087
829262
62570
378987
459345
378990

957661
492790
270247
34304
383332
312249
171409
509121
596385
849699
252818
491513

3735

232768
480953
165180


816924
601470
613983


317080
55346




679130

502704
20933

694738


962814

129992
759796
928880


266318
926436

906012
717984
47538
711535

505375

860762
909820
301853

982294
905767
781788
245273


382834
541635
805783
38461
37257
844316
420079
141593
984714
759267


71621
35195
904310
73791

546304
481707
817876
27770
587129
998117
17499
352453
520627

491268
619651
948876
581564

753034
439059
519521
303210
420175

214449
491810
936560
695851


363917

322987
315725
815700

647386

540679
377734
660826
661951
987090
501189

100436
325929
837874
144915
687892

883463
321766
952319
846076
464369
105490

158871
770820
392843

751971


598253
734771
776629
631974
675796
158053




127991
601219

795180


542438


456832
504304
567452
273002

100475
391124
508011


328881
737064
752187
452388
87437

683485
171258
872385


581043
296050

310569


858838

204085
671310
913955
771280
416333



167309
674303

340163
217030

477958

481141

193254
422525
932312
954216
286770

130532
561721

197724
575050
289835
331418


368150
707167
760821
48928
800466
54729

24346

561063
507714
627596
484748

542745
505673
929031

670903

292891

759506

660311

508065

561075
754494
966875
669578

374253
525064


913673
418334
573150
55457
762164
793102
977310
790228


171100
283891
690261
918845
997130
164833
493878
49677
303185
276741

87029
344372

212361
928567
244817
271172
36805
299109
356763

404477
264023
356955
614961
946278
456717

87504
433557

4627
654056

509350
577365
936221

972867
928528




963005

21979
11251
944679
938855

611934
686553
530554
47932
562234
692787

278079



303012

437581


573918


108798
447953
839520
559891
483287

742619
143563
627537


394906
681626
147311


921559


524429
32852
855462
811779
766469

272131

460612
622836

463120
685365

757380


99696
694079
665837
881197

207160
547992




314641
119075




912489
26281
160807
735381
851076

425198

534688
884035
835853


388738

244526
40109
720052
938553
769446
606241

65099

372725
962375
464736
509091
108504
647435

535514
532486
129607

934219
178961

925574
574863
274979
512682
319280
531377

554674
2229
888574

967252
80040
935765
60611
870611
990209
794399
302470

366345


526500
558492
374332
498360
811987
455717
473984

768132
415266
143901


918055
10635
40575
489604
297134

853622


476770
332213
136529
908325
946552

533071




412396
529218

914124

485257



650597
732843
272708


397963
36981
396833
123022

807761
261738

872738
49019
579838

636386

803741
687598
826134
919839


475657
491715
918865
442376

737515
388701
248446
977852
827203

346902
356418

388562
680676

627756

859419
628763
889087

312820

978210

451321


126930
441917
634042
834674

613995

584799
738389


884619
957959
130188


646289


853838

503347

558159

870809

537476
