317635
741156

683066


883764
855785


294605
634766
497958
81333

729980
411307
301368
640689
437286



192564

938856
951785

58443
443713
383581
922530
933109
177935
743275

292542


538940

901808
495622
856626

164170
184785


149082
856979
647556

369554
70949
150496
649827

593485
911831
946567
418077
26964
376062
481072

683725

626977
668820
859982


848148
357192
520186
701611
416687

638205
946642
730234

100023
281969
271680

990494
962772
876766


933608
626640
305429
790810


442571


645347
584572
589810

816863
154021
333490

245884
342024


901668
354569
844298
997687
80583



149916



352255
635273
754526
682752
879068
745193
989162
990542
186913


518131

637129
29599

523342
52029
801018


609716
208883

862305
224638
142106
492723
116115


682431
931143
938633

985282
573491
968515
457574
125517

251578
547517

508389


170628
1939


520830
857071


283201

546241


242574

907185
354848
761044
14563
184024

285133
607766

276495

721015

597508



747065
443639
415306
826599
325415
924504

604636
976354
880050
121333
754068
418143


100868

921354
941593
173600

226309
699309
175991
738496
386735
496666
255733

544761
989986

990042

670403
428059
621729
293916

193767
286112
276806

52380
83702
996341
41190

228774
789967
527513
628411
500289

460824
247201

928023
220867
517097
372713

10536
392012
646389

929871
616920
686988
265854

636318
658502

74532
694757
651347

433108

914055
222123
646137
827234

181964
320977
503414
292420

689076
920384
588055
506556
360132
594566
191623


162835
836745
587225
590891

126216
861863

598309
303508
320892
452483
322312

513406
371253
662890



663263
503922
611200


870165

695918


930597

893368
212369


266254
703673
866542
661672


804383
772523
536336
888274
697987

482397
976999
846861

774961

171900

984109
223033
814640
380924
408351

843836
271748
757935

965016
908139
598274
954253
660451
376505
486794

817368
92568


628728
721206

215454
85211
143008


322931
277516
347488
804236

714382


57574
233959
191747
563115
766427



686275
922622


15814
923047
842045
196436

456188
286060
669651

999358
898030
904345
844413
633359
70116
625057
241235

759146
247920
154911


757697
284184
801651


713072
300845
750262
912940
805263

144388
411552
932867
455042
666701
190966

199389
225352
230803
672703
495249

137919


177429
832623
358592
381749
164498



859338

763285
865696
576065
427513
399758
823141
224881

550038
15291

846801

40607
368649
120522
423788
589992
238956
512


861119

746975
572094
288664
260767
282662
578451
966670
68009
716915
713419

322372
382646


359451


391422
27590
931922

549947
105449
257551
873954


162148
637758
859249

365482
747680


89502
263377

926864



882782

610441

429850


753440
323738

598073
159587

624895
260954
135991
516922

653009
284720

538562


801578
411192
183847

592774
156021
330785
522269
672081
491219


254567
774411
722738


270756
349206
259263

4544
892925
977454

443251

275100
480038

407927
604873
220141
721342
468810
344476

70141
854034
827186
543281
211341
71488


67619
218280
543551

130234
548626
709476
480794

92577
374510



156942
890453
637088
606177

480091
48597

32863
799291
638199

484480
351829
702832

134509
452903
454969
531342
594448

315162
996593
256766

847984
741803
291814
427114

496182
324269
453700

522275


190959


764941
134267
749455
965502
714240
939656

285610
261636
349223
169123

840926
710508
90493

861125
288302
953300

371111

156609
37325

100639


311320
756854
629729



414282
878317
834555


965769

569524
488828
328168

208443

160682
555029

477783
626516

78762
354769
440090
84303
632489
903631
879124

174695
562409
29306
472692
728730
987476
559386
933238
184896
481551
964639
207798
188788
941142

383431

427244
263117
24101


985580
471385
562917
266540
904210
562931

88887
822816
487801
192963


478620
407842
538722
444854
538472
610371



530447
559376
851797
134712

423216
955029
680630
217642
60622

171862
891430
200252
930623

660325

154128
988594
906496
633536
857755
650525
70269
645806
627404
81030
474223
590298
191120
280419


870394


515465
157499
673992

572552
394569


842670
591441

422404
76377
474829

948458

481128
785655
823141
888914
227516

636445
638861
241500
619956
353198
32158
700864



884837
281445
346024
468569
17213
531161
882022
755133

540753
351545
283274
993973
946918
599924
539778
52609
752339
966346
927657
861874
541688



812596
266246

729843



932774
205924
682552

183250
24596
284570
487080

428201


964495
945318
476654
749091



500901

690770
376557
439977
98298

728883
916318

298853
351312
318443

817863

549361
437376
254764


161978
347425

80084
367235
221840

589376
230717
910667
254154
294603
400546
419065


790378

515530
73348
712424

45084
516373
345817

541593

982298
425128
959155
734140

683790
516958
317359

84228
758530
601419
454636
375197
955914
871453
874887

476080

674751
639138

873926
913033
472691
631056
268882
516939
201452
707665

740240

452412
185932


438798
769445



620036

910923

370257
455876
425004
948929
24834
121660
267049

318148
946173

296417


73385
790671
601229
432942

260375
213038
361064
715084
447957


350098
340269

105843
585189
501952
655439
693211

467418
50914
565738
302761


357635

786761

247127
82974
587590
739901

582755

754250
126778

22903
242025
687373

525624
106400

877549
931876
147337
165623
622634

359276

674510
552384
896274
778127

62582
303166

697231


103836
337868
165596
295225
357205

287247
739892
560244
787013
484177
599594


370646
219922
543323
944192

34540
48860
189469
775141
245124
23655
854468
226794
274192
748508
159792


666978
39284
295043
895474
550911

393733
402455
154024
83126

277492

560482

669080
687083
746330

673030
972399
338154

878133
324219

915629

676542
786804
574595




374009

85302
364826
715599
595062

201939
287622
663209
642910
766738
221863
83626
177814
419880
17212
720667


115523
251961
433593
481051
814236
199156
852132



279888
590318
985795
446021
793950
18326

373687

578029
934200

762360
299731

166191
765593


537677


355835
222549

870797
352213
426181
696532
328861
596051

199921



812230
563025
749732
489511

388755

713768



980977

593006
479965
11535
943116
20596

834773
154632

247631
408495
721806
466541
636509
314699



649341

843742
87803
617582


441648
40230
554557
689108
487098

979708

116006
614121
814040
599666
283247
102120
116022
527903

763386
235890
453784
706579
596637
669583
293793
801816
359487
272672
747748
349310

525505
285772

44520

403813
711946


324343

870389
199594
40983
495587
299832
493820

50868

118154
755975
396139
101745
361953

656200
126730

82843
856393
922967
913869

593745
458277

386054

707056

953459
729953



615675
238904
314513
237044
238423




707514
81094


718979
883776
194938
147395
325796

457435
16701
280142
981464


552998
943223
320270
755951
764496


615385
348659
471235
189625
797144
667791
256292
733038
36023
239817
31417

945810

901362
891450
908647
693710
770167

882514
230762
378603
955788
883269
199681

185764
821455
213038
655990

273631

790215

499005


360440
473350
357667
73638
991049
41404
155014


47518

210260
695958
441847
630836
671461
595554

513816
803959


424257
403765
429928
503362
382725
985982

589171
88257
592751
58605


729087
667661
505868
975929
303698
809399
542801
764767
306289

450722
231475



64809


192463
970294

698958
274191
952960
619748

69043
845437
880062


153096
609634

322358
461119

27028
38047
814364
524970
649787
647981

220539
883756


481319
309864
20487
144411
358061
153044

337248
252072
125482
619927
654978
39242

287403
114487
279314

613767


491340

946107

333735
440681
536649
333261
79493
221928
961333

847211
271626

266519
410627


891552


923058
606591
146291
708061
445607
729547

227073
637833
890235



419514
290955

258471
769371

919196




44404
381400
844353

678011
169698
351886
849261
23075
7030


36584
654121
62389
930801




104412

222425
336327
716101
986192
622048

99761


757146

470723

133742

263379
147582
267230
688158
906072

537845
645848
761818

296616
568156



341418
577982
668542



102445

501860
7465

16719
528536
45036
607450

776432
986546

101990
475150

122735
876029

568767
214658
490533
233724
107104
713764
105567




761989


451163
84144
109447
179549


798408
613156

366486

566411

71143
710876


937825
557974
627638

754923



37777
864748

602113
939311
421915


565995
416956
348179
736290


459805
979024
407527
700522
790156
38734

744482
580106

70786
167016
718069
217003
656808
874928
376864
311358
506497

612296

994458
243244
62216
582038
748844


549559




792875
30549
606625

174187
217283
808478
777771


166843

190268
457548
320297



502029
886866
607707

355334
398957

146852
129841
65078
412423
382042

889075
317711
384302
200922



772841
386849

995100
169742

351884
530270
115044
800016
10505
718276

259694
807147
188142

993753
300556
655791
93845
387582
273358
981283

638281
516910
197952
850856


206614
473191
729826

219747
564345
892697
659630
258137

926707
462033



698769


246222
150375
113983
324389

771326
403649
394765
523471
247284
50451
39610


795061
126779


827971
822335

161213

663204

596395
600304
152726
502190

221846

695265

185052

730662
793048
987904






686055
40090
236151
480549
374180







678899
315095

882465
396343
687525
152758
747572

938427
898433

943372

649383

945012
149276
747777
785145


764437
379237
83980


327906
449590
767079
779027

374463
985871

271479
634664

439689
434473

763169
597695

527546


821802
473160

5375

750794

427096
518102



801143

685003

61768
952858
367910
881478
480402


149107
325540


432858
364501
975244
67222
210806
843554

769801


881370
912105
319707

975095


873799


751023
792756
434580
461875
69002


55080

737205
655806
891491
732715

430866
922704

272471

559512
785812
489886
477766

748327
15854

561588

834424
22998


537744

843940
159595
283429
427790
146010
470199
133327

117723
682960
963433


150150
271097
510441
57234
656071
83486
35152
191711


200032
167529

640618
22562
748603
200200
894505
711493
523554
629164
395515

771459

418060
53322

881063

522509
952680
988304
13589

316213
745153
875588
108324
625238

119854
785952
95200
398200

843781

896996
411987
174563

439612
726249
570456

233122
379519
285547
287592
144254
355127
798079
120340
327024

786337
495047
352282
255793
158480

661014
364093

546502
840640
776396
620620
376953
113406
84838
225223
55570
504689
258983
376489

765018



628683
65362
446608
420410
348101
821188
946237

913649
373694
954043
45640

566490
148930
393016


831729
537457
83386
29395
919048
878050
677385
506140
709696
387614
97859
958005

340067

972163

101249
312201
316185
904457
956389
406004
369918

70861

118035

608263
815533

188631
781485

200949





766101
896273
777487

765022


571482
749806
37866

857230
355071
991800
37718
641821
364296
131607

529249
568037
58519
993296
720651

416547

138523
947726
366281
335057
161374
595564
817447
532830
607419
15064
713100
89390

506370
75463
468255
612704
118106



559724

200179
513260
511700

540383
897185

389915

456191
884381
58717

179013


80833

124699

162334
421341
115809


510597

28362
832774
634068
486329
638319
753494
101295
467864
882482
674656
134347
101620
371805
913779
876625
489903
725939
634754

945555
98695
19375
578529
442569
22401

557577
120319
377917

503814

568813
3982
651771
517534

581245

579147
881317


993669
695009
210667

855522
580141

662513
830326

219970
412501

670658
844212

48851
976102
29287
733113
997939
469425
61466
894125
61882
426944
754918

496126
683539
158728
421351
310955
586997
768680


501224
733873
576686
244767
882382

366348
38132
753612

315922
348704
136255
686790
391255
448876
950411
391940
170020
749948
54702
20353

48640
582741
133242


115655
713902



924644
306115
52707

355301
67044
775241
633707
527213
299768
122010
924730
568107
650276
294574
782624
155386

397052
803070

535441
569993

579961
852695


751348
203737
269518

47151
325079
727819
994213

390329
652820
717404
487936
71544
582718
494757
782981
650546
629015
581476

502408
270686
6197
210043
459028
648594
242528
234154

813866
281418
14710
547549
306120
455088



594137
594517
607550
361302
303519
260670
761452
603571
981486
296450

207799
177859
688129
842582

634648
906288
416911

50818
68200
376883
148224

554849
178812

542979



140353
424030

187532
705643
545314
495

991231
903942

912054
207146
957474
885794
972388
768310
294486

308090


551462
783286
66508




65712

442145
943530
627881
860507

975167
780122

773441
170916
174468
652894

550725

548573

152717
453350


51661
529970
126711
615442
434574
118001
478349


768476
234935
576746


828800
326983

790120

709183
147876


579921

100501
763993


935845
221515
805863
8836


93356


260229
320661
553059

629877
708416
216521
124622
630264
31690

892168
719500

533767
260274
540962
923602
534632
594769
63058
49024

280886
49760

987841

779922


721021
457208
630877

489546


825479


206122
239185
406835
658468

394948
130804

312893
848106
288560
601688



457870

574528
353532
842596
956374
480862

396835
17785
290629

184374
44855
81741
378859
840450
147381
585034
856116

162474
383814

872005

968496
278907

698548
390127
153646
372858
310718
719790
600748
110296
450717
124761

831825

849686


64221

715509
936814
656155
68779
979399

828022
994461
26456
688053
507699
991432
424034



859439
39078
980445
271818
459260
717151
275181
16489

438119
950081
556411
612079

517699

753962

244198

254753
686171
735405
887125
992162


437047
202327
940917
505688

181163
122463
815681
107682
284271
303733
495594
853620

125381
579865
803905

789626


994612

636141
149137
931688



599906

80171
50421
791200
483527
955355


652587

499639
48139
679128
730935
399150
489806
108595
948851
176198



110612


516456
695360
980175





689726

574269
206397
967371
744278
720142
167661

944971

886045
589603


588796

617572
511832
606262
542686


500972
428457
231889
924791
834374
536822
65039
454975
982716
265953

662963

766883
968497
547521

202991
758350
377783
196449
567120
964871
684915
698742
265817
455754


41117
680025


447638
763546
53572
180242
173057
93525
831783
647114
381096

64131
93526
967537
874048
972982
568309
678146
890863
361299
544226
173448
613846



976414
918707
77333


47457
583929
700402
513981
677652
988387
4154
604541



220982
415645

853562
997015




334448

671964

894630
648841
54344
615341
78455
313513
64349
289744


432537
295281
684908
364085
213791
868840



161312

359389
874534

683266
162824
789306
755937

449580
85698
454949
300580
938665

88522

902678
494792

356655
726522
776546
870540

683089




699067

536817
438356
51462
748340
15319
561971
517838


620285

80363
642753
269704
37740

999967
608206

349996
388671

951069

604441
605613
1747
27405

344493
858415
92162



847524


556829
618364
821947

561677
397777
689545
431355
628161
48509
137447

806386


965251

599468
873487
935111
341530

145174
708840
682984

859306
967288
795867
57646
190640
747783
246726
140482
925011

832704
347976
800337

187283
613529
244485
227322
841816
607344
838116

587123

879363
790734

143642

740369


99484

424977
228120

466302

14595
825999

736614
898291
951636

272298
157229
772792

427591
530693
100207
906953
579399
254965

275216

99747
83393
773337
442097
552987

176357
129975
304095
503326
913977
820136
270499
639485
212563
455881

927934
791491
591901
904546
732896

884967


819763


299595
431736


668295
574621
824713
732053
314406

73204


629877
468345
793095



389553
252185
353789
471254
630194

206184
939232



366069
795850

681562
8510
139413
927418
396677
39918
708538




62270
350227
132228

993209
935979
818880
632150
525209

579612

762222
180649
113426
507568
884791
876218
870082

734540



956895

627516

250294

491769

969854
897021
873953

917970
614628
925516
910777

10347


722702

21245
434389
604696

338132

925519
589525
558828
543275
626637
177824
338358


139536
968645
602999
364598




722523
956694
446128
974457
265359
117522
334914
961929
697935
117572

462388

69230
640679



257926
625987

530341
551683


79972
632350
765437
537340
953594
55386
190983

868240




734893
199355
930465
269735

491224


760031
799849
373973
883614
642583
295737

989422
278544


439222
369054
51035



576121
105015
612649
5935

161450


568663

501772
815041


193981



248456

615087
779181
383917
422116
674765
447989

794321
727502
383938
812169
550865
211842

552453

67239

415311
555230

906275

367654

888344
734549

134514


646221

794458
605434
584396
350486
452948
512491
169750


570919

643953
166924

73923
476775
624014
481236

919755

452146
239751

475536
20694
572301
777475
79529

855189


5087





331373

340744
288080

887348
955957





627208
185130
317161
661951
905324
668672


228069

543495
691158

881084
705606
855866
768190
698485
713702


402006
645380

994992
265953
618318

302464
584591
787300

687812
1319
816361
334087
162807

787015
167351
338258
172645
891147

787497
15868


652853



931621
158054



674688
726806
24274
685675
887872
55157
718837
929702
633482


698019
449197
626872

428728
40011


926322
995012
330468
323986
344291
129396
85629


395502
987565
287795

352059
390047

738549
677245
16496
89746
589700

717840
298805
424086

652098
935686
305951
135671
831682
972147

984979
151239
831703


766617




518408
814665
178608
788233

85420


505710
447427
881953
383705
975422
949067
521381
348398


799273

517082

54914
128546

57635
687548
745782
775676
961954
556227
504210
879403
421938
409919

533145
401737
680025
971507
290707
296707
5756

337298
935746

392364

682885
843942

213074
134642


621576
232869

780981
284394
197269
287203


898603

702601
643139
656429

173289
1028
613210
965242
263309
174161


292657
982951
578120
823954




741786
156801
146680
641191


64662

265144


819294
530469
854874

109359
808806
752080
448982
255913
674141
460901

9814
683921

313627
419099
256459
461819


373299

73592

786473

125959
485846
779843
887087
105336
833867
935644

291137
196574
674846

930735
933041
311838
318833

957865
419065


681045
98236

449887
352738

814143
352090



672799
879815
579914
333254
555428
427886
39707
905559

110132

181893
727777
628031
634411
123960
574508
73870
2687

843238
741840


138578


434455


590281
724263
165778
50302
390435

973838
491383
430474
702863
364002

650601
800767
836089

42800

993780
203472
414485
352008

948099

32640
216834
582416
485998

444609

23489
338083
912924
270626
778484
733318

988627
431205
257288
907096
282862

817745
246263
663698
782511
88561
561424
880756
301411


673094
430468
137866
192888

525759
434551

745617
711726

333892
907272

207860
217562
173139
940200
37019
264651
892808
973030
11760
256590
524740
25702
553168

865262
622165
120613
628199
225597
929987
892177
218802

490553

878922

393693
79490
995907


848722
93335
938093
792045
753409
552465
911307
335150
771430
37368
462914

969307


625004
349018

18885
229871



943066

963992




151577

3489
209169
835962
132367

372265

237239
778528

928162


66529
706147
362433
528977
479956


94919
640687

609286


706704
93719
835106
651776
870405
876800


926657
368485
263402
978687



846629



821206
206307
308107

788737
905209


580952
540074
86283

108329
79360

781321
456783

510424
871775

507707
498876


347089

961341
467316
308043
711800
103006

797062
649767
623176
142596
330324

962634
483535

129156
972452
392609
116583

957557

319108
181180
434590
350824
603517
709936
603053
316004

971858
364678
803962
237016
488093
566553
974790

410368

694181

66248

37234
332964

784726
894469
543099

978924
953890

438454
895194

61259
793085
228426
342724
444941
423188
64794
528858


317173
31815
654307
347790

198087


799777
677813
484790

586238

466783

203440
457149

847909
53746
538751
667722
668831
363496
491157

327548


206596


457651
375559
837984

979619
558909

490544
70710
615856
89312
335119
957566
324580
519617

500440
870606
700158
666476
913147

950148
159986
709779
827557
252253

82042

662036
495283
803114
523037
451328

709895

817837
688065

611555


275992
74470

352044
131206
59409
146074
240853
30535


397781
868783
717101
348039
758707



636457
75822
684544
417075
829965


856743
418019
345593
830543
613017
283978
417392
296157
479403
369815
440105
155381
248316
448869
17236


12376
297872
888069
361514
288544

613122
997702
589827
741146
761325


986060

569049
582188

392012
282514


936156
643641
595805
59985
384425
733608
244530


609541

69786
828546
536447
277118
621419
116756

703196

714567
908390
487919

569152
467415
574598
764834
857317
316560

19554
107883
63088

112034

955125
325883
514622
907089
398676
773241

714594
809393

982842

91989


286539


563670
857872
671203
565083
198711

778527
402562
59981

888909
755539

954165


262015
173231

997041
52949


21008
268240
775945
87980

906874
184743

977315
461982
786885


422071
149020
162261
449310
57746

423252


743685







314370
61011
174381
960132
944720
987065
763269
60229


472659


375784
134370
894016
610808
302043
664108
177340
620509
686093
736671
632430

518134
292821
361460

274943
765159
254933


979581
81051
811867
1345


771937
757667
125620
512756
928675

792905
336019
150060
284264

816190
57936
148031
970126
13218


585950

515080
129955
165345
177715
949612

697810
326631

882952


176437
329608
145250


505090


996784
143339
556002
687711

192370
26778
980933




754708

92940
792868
746308
876793
661217
125689
486275
425959
111790
228993

51705
150635

146534
967051



858935
871629
960435
964214
673259
737774
908331

38356

327853


970435
884375

841539
480205
547724
402037


739357
540284
43776
66829
860641



108802



848247


340722
31353

803893
72538
963220
447566

548955





852205
901334
719607
293725
75882
796997
922912
18747
46479

842508
908748

139629

846209
515815
821004
676698


22798

191296
375541


428361
855105
788012


32366
576809
662606


175557
379210
664843
832543


335531
333894


256396
534163
25801

74343
752488

85120
761374
400642
408143
298664
231121
844390
162491
729963
724426
56157
717728

155524
574402



460768
993749
250566
977249
59148
888238

385793
184521
180005
452798
664009


823942

307078
341957
737397

513153
955108
572897

645981
8040


335052

643382
646030
938800
779216
527451
478134
97399
718638


719489
698005
906059


507054
416264
381119

136187
340508
533133
726823
654052
773420
690775
165185
185360
234316


512194
3073
428146
16497
643953

946956
877249

994691
692646

151859

727683
994486
622439
750343
709291
359574


147684
154661

511422

714788
722994
846243
610928

251261

110367
431599
825671
588449
887653
429547
117140
21180
926322
554259
241207
643241

461886
806555


676733

626863
654665
665582
308810
865505
814865

123080
899999
179254

970296
253851

861245
563307
430482
44193
18790
508136
143441


279539

382380
11907
620852

129620
84736
660288

350657
667701

515012
157591

761078
66662
381290
22494
121370

834933
760584
775655

354967
109345
26312

776762
244710
283267
481670

887004
384484
275665
367048
95376
91109

72054
202099
168485
31553
300199

499515
959056

776964
797044
207876
355365
571756
941243
646595


903390

59472
145416
699836
681720
406066
178310
522179

736109


568949
59239

165160
39983
986727
26164
551975
377949
166873
935766
64620

315875
216433
80788
909143
160892
197708
771297
962371
355585
429576
351597
885448
228491

650702
174744
549763


375059
469019
498762
658694
742242

659568

195849
271909
406332
560810

107516
231821



413616
129941
655801
445226
562837

707332
82383
458132
390058
108412



933198
880926


711798
313702
302678
440277

417433
766190
538042
20196
729655


123948

824458
441898
60290
836916
793203

537375
491203

492388
837433
294323

541991
283436
296775
690051


555659

928534
748266
838585


276291
143565


539094

102281
272083

103416
626004
956842
380001
995143
18478
528372
985055
824219

308906

443467

191739
876977
287237
749280
490168
753642
51169


835795

333160
182172
642953
44796
561170
329585
84987
963826
579178

867275

9337

40116
62864


682849
786639



802848
985684
833532
999781
383999
192571
180531
105701


779017

19397


654798

522071
146017
841585
369351
312824
344558




91461
982438
630000
59834
331153
428911

729050
372467
487404


597414
894283
517548
670297
679238
374924
171187

702793
379952
499873

467649
491365

685173
140437

50049
536344

106603
114294

919649
795327

952152
118847

933373


389320
571245
440906


876432



959775
919331

450544


409494
680236

107621

184504
651560

681414
853061
819132
541049

663982
279149
457532

318493
214693


289302


621788
54686

970504
272012
783014

203631
346000
532284
169705
650275
645467
228314


877812
701165
210169
347250

993595

404121
596694

295069


841963

865842


124053

940492
381661
144094

715100




224942

476044
516876

329012
641159
7815
50498
245340

154772

274613



453720
642875

598326
282180

926447

626969
722731
166261
766291
912855

373516
980875
342118

755407
437273

765248
187063
560114
74091
146539

587940

620385
449262
144489
137560
41411


895592
655722
221903


739296
134965

418517

770784

280013

145291

146932
850263
328881
716825
267078

822045
404657


284073

574451



911310
869801



381766
853016
640529
846045
840123
419419
21827
85994


306892
306663
621834


94897
992654
593715

401721

131235
880501
110585

183370
850634
799900
586456
597038
405449


228934
941760

599934
87497

51429
618426
53107
91627
692420
565094
127763

720082

742441
546948
79644

152052

323607
942568

759357

192343
670243

248055
414147
845204

910101
857975

308697


705045
341449
875748
608931
648994
860250
501651
707909
497325
213340


458909
294828
466623
120274
339584
770609





326677
837246
946928






401430
427547
17157

431187
117745
888558

899059



596174

631528

240889

549992
192638

683554
33028

10820

779604
92003
131432
710687
786901
605575
184369
588337
832905
979369
805892

166063
936461
242215

800770
14281
547204


564661
358963
289219
431933
889256

524909
963389

201329

890905
689229
246262
223337
752089
769621
321
34752
127081
547455


959105

386735



38002

758813
706474
162392
536139
152571
749382
545931


74787
489246
421656

936224


589135
141377
920351
730222
648674

966383
276846

426739

700517


110872
549345
395432

386144
849124
116684
758405
600713
31913
997420
704222
597788
952209
405825
788619


438861
491692
539271
191435
6477

229756
274832
583889
960504
654799
201854
502713

520275
419369

308009
10307
224376
275384
418619
264554
15050
702564
749115
17470
522957
893030

3711


350455
258557
921779

721977
279426
880131


181355



191901
421611
305025

291218
881324
853717


758651


134832

775409
807802


476002
967500


732619

501901
885737
570222
583929
617145

762132
875475
122575
966450
536045
429801

804617
310965
552906
331692
537237
780678
956795
222594
873014
3943
194720
618863
630215
56901
755557
240016
706413
581131
402428



928395
304327
910127
443013
589365
270762
426228



44401
810098
533925

641911

7847
250493
204841
866383
446147

677514

890484
919571

288043


536947
120772




170288
356897
779045
749392

229053
668624

795830
451167


549561

320291
329744

999741



742465
626449
970686
889795

628796
397108
869013
823548
871928
488348
714638
535067


781803
32218
93476
426504

910305
220596
837094
323315
335178
463819
649731
860293
80264

11152

780453
644993

976419
26933
59780

848622

700542

404125
642310
178032
195859
826037
156118
444701





424278
639864
495476
907603
956687
476005
456756
727630
562123
119829
761410
524415
803848


122151


478883


236302

620378



474933


122204


614815
124426
85079



963170


318321
528279
679332
888269
959563
232493
411789
72890

231412
677199
779157
106432
850735
774339
12945
683353

727854
612793

676117
592599
706830
845030
328995
277860


995372
741879
735916
609708

151200
386626
545433

361681
97160
970702
299613
309975
545709







888983
384500
69670


525830
85185
743911
331129
911329

446212

510823
564487
520443
968630
307382

445475
892476


871198
471289
351976
699738
347357
27221

194755

791193
24595
635982
922781
767714
924473


199488
473215

658274
735484


187934
22710



664740
777651



684175
506303
664690
280852

231141
703465
701024
17804
710088
879699

372041
7662


494550
818956
778002
398657
737820

957345
766992
417701

113043
123058

836516


731391
834919
86142
699008
380104
48411




389036
49538

828360


380595
911821
725771
59926
805416
430109
664003
104445


984439
660891

303728
443544
333881
964000
392944
758745
603994
997518
222430
832512
373982
104021
40946
691588

529509
602288
868018
645836
595958
235764
377504
19028


206242
904790
450083



225112
860989
350826
869288
964668

589195


956956

349695
751176

174522
576494

892277
56100
871616

222553
461443
947402
597862


990041
132668
99468
211131
461303
773541
847565
820106
77466
527173

872107

84279
895489

79580
718138

889778
604127
2089


226918

676195
356034
543381


789069

901983
888374

349420

97452

180608
492266

765132
219958
559089
325673


737971
289789
546626
784462
103632

782806
291891
192857


177793



273799
509778
431789
351383
467526
404481
359300
235242



455897
630714
456271
350772
730860
790572


274195
34418


852891
725603

497052
217866
420957
955186

93322
552420
527515
291086
527898
902878
72484

299224

813703
798316
486085

976071
412752
283019
305946

82424
404241
551950
108816


176994
75855
558705
101444
574110

287117
278135
926787

9391

154332
382850
990258
963749
784733
677100
934687
812688
716800
241385
824568
728961
512942

286497
614298

736957



439168
432284
477011
405555

353246
55873
601417


642594

679095
263342
910228
309726
960806
248535
461263



506357
744549
178314
418850

51844
319469
631582


481009
485708
643317
110976


26002
943345

258877


702155
744953


439683
545935
713053

588680
507810

698131



816765
848332
993238
257390
677169
131746

316532

547068
279638
86958

119957

992556
651440

257893
60380
253668
690494
429698
544790
42520
875370
229132
354781



908988
279720

134094

55509
978676
454541


277136
545989
690526


505951

54725
432179

832258
943709
703425

620350
694742
348563

10282
121257
900229
158694
700474

601623
593065

621854
148347
963712

841036



279924
683127

244647
14740
777021
843817
896028
240554
597646




526455
206787

168469
829432

494991
231031
860170
133101



239442
669892
493555
313274
662175

23154
437596

564684
909530
759346

830150
101314
15259
25996
781757
418692
592801

727341
159285
562351
556566
899908
451072
676135

207411
961987
408283
417788
423522
28101
785160

453363

562085
412821



821071
737668

25459
309251
604180
440306
23278

974813
747817
899649
281992

548364
52139

667732
754576


947387
426684
438998

756847
263815
541264

458956
137485
85037
537440
570365
481875
490873
94307

664594


590353

753123

187073


171205
686305
552305
439808


72095
94026
984836
415737
208638
423428
26621
231403
881059
877783
654183
501154
367907
5842
330441

527487
558311
874580
137873
651407
644587
476998
512412

320823
805336
771131
480347
819036
596478
758520


623519
139659
452563
168228
381328

456997
69252
276488
551591
607644
851607
846320
567261

54983
344027
523655
369098
773816
695819
458182

423390
128807

938528
524373
263848
816673
185178
828471
433576
919680
853077

174323

463690
883601

663308
837481
169066
86492

515818
919762
397903
772574
292725


582932
415231
530580

722447
10573
37251
758643
767111
406567
455875
158950

284110


632346

391431

563211

843179

569888
729854
118727


333356
418212
24905
641979
679054

621943
697248
58413


839949


919029
1930
343151

544253
717480

19096
761085
424012

27826

282824
382181
241780
423370
806474
112086

753916
784133

897877

100406
327598
893756
753227
311623
876994
184416
474281
722205
396848
503543
873932
473630
638838
4668
331684
311892
987122
449981

279437
184539
203021
965949
334489

397698
265777

625855

246314
327682
344708

193905
504818
671180
251295

784850

995964
517976
880890
453121
78631

41683



357863

390423
706340
65761
637023
519742

268523
123283
717930



170504
988854

693304
418394
992940
324804
76098
523542
450549
651647
70146
70570
180996
324334

859503
587709
903069
111964
611866
674253
370295
526701
143552

297249
220747
816820
652597

233934
948086
399638
922461

501584
245922
206900


504379
728353
698407
866892
623168
324974

280159
996297
591288
400245

437628
252433
504659
973486
468893
918550
807253
545569
611819
386218

947697
290497
547213
558205

930481
620895
166812

598652
863015
964524

957493
439704
361820
590864

245442
520973
350594

938274
618865
218813
528069
465301
51585
528917


436183
326677
955743
50535
952661
456466
665686

132020

950914

809964
664830
301498
611111
930951
865735

755555
478957

219780
869068

515402
685807
442453
556229

147340
199463
877099
308260
943775
162733

193082

56637
483540

198753
848114

492011
127886
924444
151033
28730
952
951713
198442



584712
396831


505937
280476

530225

731542
582124


510433

341047


899470

73337
760246
390669

207385
487685

957063
922683

462792


489877
314347
791748

198140



206593
435508
293896
192513
9398

168837

727935
300129
379917
764608
953484
219285
28430
157661
890829
641929

885972
822109
291518
447221
689941
795310
294349
135214
579583
247610
108191

616528

597869

765859


419297

569195



594622

434819
859196
393434
478821
738688
784425
580017
43476
116816
855819

859733
187621
238685
785965
415865
398948
389832
104530
871576




325657

870523

553008

223919

31402
879945
792331
484372
301062

77372

370337
320835
493468
383696

789315

435611
212084
796092

716285
244552
280937
198119
414169
671382

772012
681286
828979
503967

824904
391314

403458
199986
416932
606373
164345

385376
241662
232594
76991

666053
609944
92361
271740


631071
504699
480828

681745
764799
302030
384407
870249
84579

44027
785274

288043
885867
566790
668007
741525
309839
373892
520247
358059
355429
624332


907343

355241
879979
870299
776673

634554
402548
162087

443187

896068
634658
42412
259471
659176

417727


66782
751661
492300
25165
968769

104615

822489

742971
684864
847836


603755
870984
719070
290234
501341
445250
246479
526196
349221
559211
19520
35285
816344

711300

837536
462253
618483
995907
994334
303798
277486

666525
219553

588671
450226
83788
117403
704349



849337
703663
860369
840962
393146
202283
986023
723175
805811
809612
459609

345019
854168

536371


925319
837678
388351
584525
223806

368473
252192
955849
304614
487029
883407
141960
111128
145545


90702
25926
509856
727211
28202

232365

215195
75590
936245
696941
535997
969398
140891
450574
417709

514098
944634
923515
882829

495454
564256


646923
238342
29448
200224
636057
392928
169624

528861


772103

396696

551254
154369
111680
770657
733788

16133
976213


22280
871303
122785


326906


509542

553357
544821
629085
63934

777393
457810


281709



659918
948437
346712

717414

29045
935340

194206
5496
42405
429456
3048
508420



750523
24894


44448

923029
59550
770826
989530


119898
276283
38149

966771
997724
979696
960363
161901

829693

775124

450310




926267
419295

872383
48494

828460
501012
205952

274394
800866

553236
97672

308402

491151

626033

979015
565748
750804
270984

459734
520332
454840
384421
716255
655200
894398
955266
285123
260594
420154

578788
324409
278232

328958
940416

689285
150823
583369
361294
364806

146455

515401
245293
98008

806512

950400

784809


159646
613832



155093

20795
221557

200471

99010
910024

963173
186573
11292
982040
836991
70316


661023
729825
166025


999417

275914
24386
964728

773251


86384

50791
558208
316293
343411
844474
940919
378706

792140
332076


179218
733389
260035
782005
138485
340438

375660

993518
491469
945696

313953
470944

239139
561236
942381
77251
578158

676385
926014
342630
763398
848678
67040
408965


184935

855520
976125
441840
589548
620389
750270

220105
899817
912556
517637

28484
331485
793948
878833
252357
146986
828296
938639

727683
22108


711774
576690
540627

413096

406958
115414


620315
750881

979457
132989
664298
403333
898872
413354
362698
524742
63963
934562
611193
33115

326379

320527

618745

978624

214918
409928
209726
465804
274629
747935
377795


559578
722974
948875
653108

880972

100741

102413
370903
157445
348308
84907
333438

857518

1420
439000
738881

552067
624841


936262
619681
538625
148495
886517
534303

862564
47295
102654
433640
575118

790865
333280
801897

748863
866016
906346


321515
519245
393859
40787
169686
718562
999180
535537
512774


879366
578418
554328
798276
573866

865762
264096

99913



931673
54640
648333
375014
723566

455368
396881
650466
243615
213326
162163

23447
116730
204867
775652
359083
557296


961607


160526

324520
692986
745754
123068
103742


305719
824938

870285
170467
466833
132523
30152
785392
428111
695668
60132


41684
739354
998838
345022
536719
534097

946372
420209
771178
253837
410481
33658
691039
746669
185848
610040
779396
250766
235367

234820


370032
835541
913617
452095





428470

902032
48700
406608

626211
679954



423931
760034
620982
585581
715394
844049

877339
590032
222972
748523

701001
914678
615569
711466

895981

610714
913342
919894

814979

290465

757817

673947


898925
989271
319331
49667
986033
145490
554848
827475
439194
358131
493199
724437
903582
974402

827437
501864


53434
441712
319279
25252


922760
497403
498334

794878

278064
451625

268972
899955

444242

160097
168630
739907

887950

65039



262910
147605
172827
11102


769732
234327
146824
980243
141291
632862

797055
83636
737084
638602

851091
463236
414699

999848
260027
365951

444797
941638
376701
36824
314948

760328

160196
923056
681278
549662
925540
412505

157546


270
105195
250621
436539

222611
508700
49331
30124



737485

373579
206209

994866
201030

855836
608093
238657
701465
492275

927441
609464

251087

383746
39824
364295
300266
309532


984144
82537
556692
135227
555034
934290

317481
156103

206015
567714
586800
845768
803294
363678
852978

485059



719519
331893
379002
251345
714243
367305
12883

31357



224535
522206
214845
236492


67138
503083
256597
688744
165592

905266

986949
457000
679821
416473

332212
482672
240334

699736
704842
996913
657346
591334
466243
370464
54520

877275
628544
791216



864649
286233
296300


620775
632196
677890
870130

539137
938155
201913
905715
9594
128686
276689
951050
354744
44929
48564
995859
481625
356312
257109

44150

434460
650621
600022
757670
107024

659804
699495
565978
577397
223957

743236
733966
133113
959901
522162
745883
888271
171217

958740

275458
104856


593849
653781
811843
248106
570477

308409


792841
702629


963858


116139
732941

780938
302903
952273
295364

526846
536642
513663
660873
26484
407770
59640


906429
743054
33867
563762
753120
300180
641579


877393
743706

876283
415028
53835
94338
789556
98163
921206
527159

110284
72894
897761
728198
431044

334056

85270
835329
513326
406440
565823
948693
934262
432016
302711
261684
579165
234005
674148


456198
232561
711537
988314
808989

681445
200498
364889
780812
853916
529

441020
828787
580916
940412
123023
575189
996526
872058

760209


155666
358773


948843
442422
977980
295127
12298
80760
204379

337191
651047

326694
788908




695235



43116

930383
890774
264517
942684
24819
558061

119171
637058

484769

372858
694949
228522


333004
126753


139014
359135
347643




213336
691289
568922


515474
274845


137747
482885

354449

940702
771133

638294


944067

85014
522186



871314

12777
971678
986822
152346
684188
317490
937616


403267

906439
484138
902508
99862

473297

287559



856683
44755
545392
545949
525100
817834
222165
317282
403199
122942
645233

864303


136506
791308

656844
762355
790845

204085
976882
790044
44235
275164
669702

56663

549186

606299
546525

650801

862553
541357


676629
475079
656256
986628

152561
209341
492497
749798
940413


883688
517172

625521


356770
524530
140132
388911

550546
559918
666174

370592
168069

618710
226996
16962
325781

118993
969318
748003
156010

936261

867343
95100
571503
957884

778094
690952

337612
974137

942114



440290
643195
115464
11564
262858


791855

608429
400623
523142
901424

925086
831576
835714
24132
889474

524960
565955
952313
648512
737095

182070
455352
174469
805556

377595
433796

869669



260365
539837
287635
77227
3710
557553
296989

281748

203781

497612
784007
60110
354008
567323
917654
28423

512573
477784



268103
32902

685898

441963
666792
515432


670364

898255
695776

404024
991113

84052
770117
548750

862102
15022
823816

7615
701234

829292
646671
796384

650834
265838
894335
661242

464615

755763

143436


395282
570960

113367
863143

32657

263565
443574

175859

270294
908052
151436
856947


996762

19285
301350
939131

544990
215315
704691

191513
38483
780928
931773
892430
383884

19052
647326
56636
526702

80316

930363
330300
867419


575294

456591
828948

615586

251501
280118
705720
136123
941802
528205
72596
452209

652

457542
504959

746886

331287
183555



950342

878112
938987
223
635403
677025
545957
665758
779154
12416

132066
991333
346861
525013
246970
699395
493089
368065
180589
251421




347117

44212
435753
549908
674609
686037
176668
996023

307419
268404

157473
169614
66846

209494
438923
721377
354934
746642
981849
610032
590048



96022



971686
311231
841563
970444
413899
375684


112635
92799

205216

708386
23568
451058
615899
138328
316266
143006
312821
708797

889756

632289

778056

499004
179617



160103
809493
111253

132931
226535
309283
539227

863626
773704
975417

94922
748818

566654
66793
571833
968590

182079
34281
385501
476277

9144
252220

348931
826421
684585

447031
308328
138329
613099
935936
351733
808935

246682


369213

651618
525966



556168
82674
179988

67745
963834
162567
516005

850275




361666
957740
439202
810653
461648

722204
252124
372606

771665
127380

366747
995235
610159
152060
439907
50133


482994
891133



557684
461141
619798
704260


945197
746638
948690
96169
213912
557060

973759
286398


877806
854881
858189

910558

537160
177444
893453
577601
376783
207025

561192


438089
873904


71961

848741

856608
9684

650163
219327
645161

83313

64234



911902

17036



741564



153493

149041
23691


62665
717626
854939
267843

33810
26304

393341
95752
900264

996788

566611
76076
72473

873039
957063


588205
694796
104971

945302
119584
899630


643508
174610
453480

470872
495215

141288
527121

271256


353060
694105
258084
276440


665333

419929

306528
838382

375070
708469

251855




531039
865739

808425
57473
510400
701042
127937
875167
351168

472505
7006

422582
917300
243435
275643
144428
260299
265644
147625
683432
80862
940779
807356
911448

965043
844481

547714
935107
741625
150122
461217
67434
44810
505479
396269
335521



35373
526137


710956
832627
537588
66060
20773

271835

719091

342275
886372

582922
663353
445491
550213
826216
47700
594683
263357
299482
208506


251777

498209
727562

413447
287525
804451

182468
161228


403761

849756

105689
440047
752794
424829
807918

776320
960573

855368
963179
920549

364491
470236



896932
852767
59748
294797

965182
36760
939131
945640

90732
787577
943678
829914
71909


269212
321439
697270
820295
864459

238715
898810
905056


682709
527247
604629
824370

517182

637782

947264
762617
207316
300220
394403
717598
448919
795524

380430
101681

791424
626704
68007
22221
935953
383912
570786
919347
955520
509149
642480
934936
409602
207005
616025
474112
236662
488852
921824
246281
467654
592113
379544
297743
33715
48004
925764
24656
398711
758295
541429
689230

758109

176185

171133
51484
808874
776156
141531
659394
488305

879743
598569
543082

804781

176195
935397

957476
704830
33224
391219
861
713022
204455
358205
366084

403606
125022


636785
363928
769128

588248
723052

667301
508010
892447
198045

907403

593458
588662
277048
358871
607099
886190
747060
14286
853979
656089
157857
585051
209730
330032
341745
185616
220954

726756

993048

545857
398950


25742
269386
438463
278926

851320
424070

712631
470380
711657

722333
731246
192920

875012
18897
377400

714609
334514
383662
545951
336515
487793
297419
79050
991128
317258
271194

486881

164175
858423
107028
8271
624062
991868
597637
606887
569853
451377
35681
327266
363476
328062
7400


444116


954883
924073
978293
128899

429371
250561
817233

123734
271130
879593


648142
119264
165530
595204

808141
775838
962475

325225
471398
545562
33897
779181
252762
554954

429480
871539
866423
892940

229474


778542


816684

55909
676477

758225
807786
59288
668588


296237
188957
760373

252197
21177
169460
66285

298863
408398
284992
924217
122390
205093



712174
804188

502252

58999
371017

661940
605750
967594
530831

700519

200318
592048
27910
454609
927751
461740


756190

701864


163313

476340
811210
148949

365814
448455


750821

41401

710138

840700

209803
656623
543269

577714
896347
838717
476027
340813
84939
911452

585908
219502
693427
357727
493092
286322

318677


289729

371410
568078
18717
202390
956545
484661
868513
501466
415966
976891
700123
777002
432186
738629

333507
847123
16677
578440
137590
336300

695835
425478



523900

738457
283428

267864
10206




511232
282629
295016
98145

266365
768107

79928


378723
784689
295213
568116
139465
814943
371779
297687
554268

967308
13829
848371
76904
20717
990425
904639
732107


664310
907223
566902
668633

528908


632074

413227
338952

930187
196356
943207
99445


153495
908810
894212
580831

288411
378059



854877
561444
88381
362963

472124
878731


146645
660246
913714
418387
11678
21932
697341


797350
878857
95776

346569
929206
563331
840608



575649

193345


298103
385931
979656
803565
297350

519941
38377

100009

690463
827494
315952
667704
931435


358394


843227
545639
494895
516469
265058
94539
180471
321895
528223
652531


639631


532437

911449
885257
361801
137965

930663


820801

900294
257318

507445

929274
162772
287744

587941
214319

807763
622928

537462

445301
756184
429876
965532
671578

356453
31543
701352

905754
386483
994398
813156
104521
610167
457197
404005
203346
718638
242174


969801
665474
664227
570591
872733

100674
359049

351121
141853
164353

728370
784642

625736
955670
57593
81417

608171
382613
788209
691463
151267




315466
944755
549222
42886
556382
3971
667334
228336
980618

886862
842153

48829




133571
87009

455377
32594
628950
43628
887433


186403
827411

483922
477615
588132

284000
539551
447887

579731

123718
123565

533832
194432
839990
241123
416758
215971
607581
650031
196113
318497
367461

701405
105058
216532
375114



192219
895863


402126
293963
198911
381778
142668
478159

261855


664105

918596
318792
855289
239431
181879
400479
992852
704353
891163

808121
947892
213476
540513
44092
639945
686499
682879
420104


463536
22819
949868
654995



788831

199049
674649
113427
738223
712728
734048

300658
773751
648167
188380
99360
362874
69865
911672
260439
77937
627532
40826
460023
175030
704479

114438

610925
985936
67085
802431
895743
811629


213157
527808
938575
692755

3280

115511

664748
717120
573602
917652
359149
169137
390597
917350
763291


131397
361437
497650

515560
265208
944871
84153
239689
9726
982164
97364
762057

608931
336355
74549
951579




770313
528183
999955
297096

963739
468774
676340


398315

614372
647595
180148
275616

820302

612424
455169
358034

742508
719201
143624

406182
527666
21185
475719
404019


991930





422157
562719
599785


794842


503370
431020
744210
554775
715380



929348
523576

391940
448669

944003
183281

15966

63504


427604
419762
730386


725945
501667
931816


781570
603252
98999
779039

543357
248119
131638
508955
78164
650486
315295

95166
731438

13096
304500
632696

629827

935972
826451

825062


667731

522192
546846
707208
370526
833591
143659
410353
163492
965331

493525
996291
93335

737764
629722

355533
522717
918051
219660

996102
361530
510248

458941

537008
723687

207816
916300
924903
321125
507164
694980
499756
331367
870765
991991
209070

570154


362378
342391
600723
232907

303061


891820
636048
158582




604319
510394

658033
905739
614789
236855
899498

671726
520218
603504
57354
813186
77068
9095
427480
541553
91401

321378
461948
9779



788371






947656
536482

5220
845774
95877
202794
608438
168710


888771

343185
486033
414390
396301
604347
155792
92652

20792
943074


661925
171748
245626
83857
207914


859649
98032

389158
632726
205821

310063

828493

368815

792972
384774
695007
565535
878401
717321
801057
46592

548153
915053
231915
439428
23426
840622
235789
152112
207884
85661
973587
507477
730756
835189


632944

113850
835527
937493
233022
857528
106547
829294
379833

324586
230093
20375
378249
930888
879291
785591
656929

553866
445591
167555
768111
798388
520476
964459
542879


101725
967626
844513
203181
909117
836551
660006
863430
678434
383876
957906
281792


628510
1775

945516


846807
368859

558527
718319
638906
110186
678161

915065

855039


185944
237232


343197
775488

87596

741097
982697
728131
958707
772575
188902
831241
685524
242907
715688
839479

732639


467672
651479
258674
544910
586123
327207
527164
861473
130224
254377
137655
108865
582575
841688


378699
232417

993706


974052
708230



739787
519836

491162
52004
535809
374812

255749
324539

998077

582765
500034

266364

317899
48985
521913

462310
106997
956177

940477
249779
745020

442215
882789
1097
797037



59211

473495
465655
755297
210007


955075
328364


316334
181224
681505
670681
315816

150072
635799
23230



302922
488865

158391
806536
237274

174225
963365
730807

206440


105760
848479
179937
602255
919642


486084
401716
785133


256966

230099

348356
48326
918010


416605

523143
278727
404570
173648

554234
835677
842229
864926
75328

348128
978603
317062


849492
800132
365615


734258
650356



162787
880353


501588

9179
457881
44257

809162
874973
431753
653283

750201

772498

512823

243553
204880
266636
884241
659450
959433
709160
410170


824101
617478
283684

952931
617093

908794
370528
201618
707872
139855
206328

924388

255501
359347
828358
558863
313762

145895

249670



985621

213149



863603
655153
763129
74993
566451



523960

719414
736949
538310

199153
557404
894874
817573
194680
405303
833675
918132
313137




849708

826105
400293


667999
91219
266088
387471



683327
850047

611385
685636

146406
715407
391203
488920
632038

78421

147146


200719
327936

451046
351889

771990
326016
796172
610588


933878
108599
968142

780010

281403


856382
595444

954968
103980
762887
5600
172345
288005
407211

359884
403639
238807
481897
373478
976753

115268

864839



206821
743686
531614



960973


949518
259566

880223
158611
107799
822616

216665
13351
130044
792413
76637
638981
879068



868483


179055
934012

807639
296227

556662
504886

270631

704411

878005
501699
185978
935596
929994
66400
451507

255469

599640

456396


107532

555377
112884
944836
320461
194703
772991


786465
797925
234141




829005
855286
355434



493647
687327
610804
611126
853529
393649
39582

637275
666641
689084
641952
972411
526452

43638
661400
182473
100264
893142
149530


627366
505012
482376
652982
841546
633536
768264

209349
890452

690756
717048
833253
806510
846199
420655

157646

759497
418337

385689
892762
530938

34045
54163


151168
533261
182947
523421
547012




589444
615124
405211
690343
535398
341155
39218




406643

266212
740325

311912
612830

116863
109002
542043

486744
419572

666030

431798
636166


161425
113966

318029

849153
61228
867439
748190
648387
568246
886627

171197

790550
125378
889289
747032

29392
180876
319604
382237
901466

449286
646304
867261

280051
358572
364337

462735
408869
826553


224535
727284
929535
813954
773930
677324

668043
211551

981246
449434



882634
111174
846590

677901
809239
149575


336625
199106
197386

107341
374439
693848
787378

923377
274205
775571
498648

942172
261317
760411
232559
235378
927033
442300
364086

796607
115957
909026
818743
241030



811060
672233
59812
762125
191827

585418
962951

876230
245420
606559
815927
465169

928950


927451
975792

144376

328361
140559

721386
860893
324563
353640

952251


957503
598193
864002


565335

748568
757495
866076
338188
228080
921996
266190
884778
267820
645248
412026
645241

117826
222577
748053
558012


167577

541796


852569
67450
628213
119444
216157
831571

47408
48154

840572

886117

713051
464874
388015
357928

619
388557
376891

562680
407369
668927

834407
247452
409636
577842
295349
350620
218130
997303

210298
59581

606110
428282

81100
980270
731640
565166
1705



951489
707387
227288
179147
627148
5358
95464
235673

480427
558017
908024

598413
347357
260625
225368

786744

987346

855789
829746
639855
438805
749082

194509
295076
461936

399976

42315
424655
524213
911363
437270
496081
767992
743426

989035
60774
768751
420137
240062
731310
536607
535983
978636
183802
801898
343307

6363





161462
347601
705955
584320



743220
648807
971084

760128
188853
111714

599145
456552
227307
363233

492325


287603
731038
658338




128322


280638
660576
257795

669448
585155
16673
429852
783271
13811


139642
243169
289383
109707

341754



59105
412112
739467
138593



8892
898902
181329

625197

149556
599568
264769
521999
292929


274189

820552
218817
702714
712110


915835
601070
680974
142516
925077
327292

22422

300402
331947
667120
790533
754293
891215
292390
723486
591129

843966
692213
930486
156476

6258


353676
33000
781486
276697

397564

655261
126236
403504
362392

503139
921781
24766
411443
364527
222095
87381

476796

647911
287589
127789
128604

187583
759315
698984
437637
162916
852261
919089

924490
681450
142781


576138
727161
938703
368493


760063
786375
17374
604755
426516
235102




945072
426347
541253

472673
3016
25692
841972
556475
669978

245183


408095
569746
63893


625505
498415

260764
469631
30526
836642
759650

537979
493850
593192
618038
672030
569087

500277
256861
556472
759555

382241
56165
249396

96010


745563
396480


431713
289609
420277




612184

595583
84690
546322

42407


18109
356200
265259


203656


392689

968008

63327
280684

592551

284904

643456

991873
293544
852497

361711
325546
844367
151560
827728

583737
397609
793618
67340
6007

930403
505089
444273
574612
334810
611340
11438
226916
308282
352478
969491
659510
128523
191963
152496
200350
184903
398493
562510
472223
426366
5501

876197
762412
398653

902005
535052
152223
234140


531823
623606


549498
392405


78586
613018
946568
930619
552410
486855
46895
310341
711024
83912


894879

134437
619495
708982
643290
185052
750769
527199
655443

240833
292701
718188
555584
398077
551090
720063
862658

241568

364845
205746
540883
353771


707548
937591
270020
847683

893716
155175
430106

432035
274812

973499
729437
198977
286010
447949
837443

661170
674868
375462
64207
854850
338339



471321
201373
533428
329787




723404
595900
506869
851807
552140
457738

156497
426840
314010
727885
991977
891082




409796
744877


392827
997093
568856


915503
948784

582807
889728

455872
368594

174417
711692
406156
561482
324626
724609


140418

372104
838521

987212


777743
727919
760825
694749
243359
407562
491633
171853

105394
610078

816202
581201
631177
682958


279349
516719
596032

775665

887762

551592
620668
372967
125341
852332

479827
764689

760365
966827

321279

56235

648520

459785
920242
367378
729035
33867
66290
875561
814885

178268
115042
678035


606459
393571

876171
706898
12938
569877
189035
293931
468552
681357
544444
448132
507765
775873
655264
349975
410983

572486
152408
986822
162105

661036


181820



750085


162023
576462
869576

594823
667144


554693


649446


908310
828377
170264


876674


723950
125814

76927
641952



19810
477162
95166


581582
944318
778516


755304
309592
126677
562410
560219
342831
352139
497349
321798
124797

707047
981085
520381
942163
217444
729166


927049

873019
974816
255371
27450
758827




601002
157596
957047
660813
107364
799014

684120


385556
190602


309699
782877
344845
301064
478174
860068
260065
935608



58978
188835

902912
514351



581980

883542
200919

416382

601890

564516
504714

619900
386738
619591
697572

193643
269199


216055
771443

299237

148610
703888
891636

122238
110252
829241
440477

494626

344375
716294

229982
989734
927359
17474
856506

515090
42404
179925
803980
199897

548339
843967
914437
146622
34618
395287
489842
2786


408029
118316
874539

685113
139904
569946
58359

526691

48894

618645
140332

303707
583012


93076

909521
189152



51024
796396

258925
865910
879060
992720
542518

964397
814811
278635


200403


334353

635353
57342
574145
334490
237072
443777
592269
417018
932808

951046
870318
914941

200480
870469

48109
878973
653847
10241
696588

792574
15315
396612

682664
891614

877972
212566
617793
701737


366103

640256
149617
522992
658092
673437
357862
68598



899981
64450
452970
119833

491993
924607

569285
692617
797049
688737
411077

69703
429780
36402

11209


743433
176202

381825
128464
552348
167570
597641
550214
781387
391802
192434

423193
908423
932391
715057
573320
135465
189747
967101

653890
100090


492960
607405
457353
833541
619991
207954
142863

295457
226595

896407
358574
219073

641645
978895

774763
373942
46830
912353
309727

972593
453726
112526
799370
333928
137713
995206
761108
708755
644235

868537

307884
476588
636318
137080


966595
328826
366146
117177
638686


147820
622903
320281

175469
131648

14354
652751


88489


217354
12063
226
443825


966226
34614
93565

579638
488902
928701
640841
37467

348186
545762

221042

590227


123607
48726

299653

292803

434623
891545

383137

11226
60848

171604

633260

573793

180799
766129
953123
136100

637680

147980
711174
715303
639524
914837

133803


317688
65274
474576
410384
762394
138597
339824
64653





654224
326831
261906
85545


355738


57892
257137

44053

194284
395950

378452
524552
397403



102401


920851
543631
469418

685320

952597

509646


351045
218300

869022
730916
725598


817859
797626
878723
185077

582600
218914
884552
607194

78642
965826
10309
618949

627089


84972
633916
396078
610967

44435

256314

597637
972177
90316
136559
419644
484865
143079
168012
683818
944473
514444
313548
893683
534286


327918
125247
26376
751252
164264
951276

479652
250322
510032
953701

478684
212859
865070
161826
245686
628628
295262

973459
420566
482221

404079

562487
755912
871068
905105

444345
227066
420690
662146
555235
221279
124953


732064
429491
838208
849117

679093
168766

664261

114169
404480
712737
369228
187128
330409
431710

317817
225373
322744
117940
408365
143331
634262
970276
135242

141111
521231
965259

699516
656914


574300
251991
530992
805875
535127
377053

871186


360286
871856


478426
181664
90167


138767
226266
759533

841541

454299


554513

580589

864181
236653
206028
39039
521064
961062

32663
541340
33689

980461
325024
298283
637128
859946

943244
143561
173561

531582
675796
139157

327467
458049
731073
296966
714274
570474
165447
81785
369820
764263
987104
318205

845834
474776
432188

852836
817866

815870
489192

473794

986698



252609

794263


511724


611743
911245
623429
791938


853976

809326
31863

120265

616728

266197


306372
159159
245682
547515
832705
497382
724618
167404
633497
924155


252308
934916
478204
99105
268949

837018
562866
607233
565110
544764
675844
333587
635779
120019

613914
984712
246302
928273
413322
833880
254959

889610

479416
168314
703114
241785
204253
731764
583751
359891
729770


362810

401884

230601
836041
955942
922687
349415
278044
296314


876899
837402
397034
411271
658453
795096
761161
483047
363889

343609
420045

280375
790306


451166
798043
379029
319881
179479

151222

908317



311472
375566
77626
192448

163666

668330

749937
299551

598331
504219


461930
410862




328337

216491
622833
625060
558811
162875
121398

804310
649921
826208

381178
370796
666818
77888
867059
263177
923697
70474

771240
967266
307570
289292
181674
360105
394484
22358
205000
812299
597894

338246
812021
934200
905328

809880
346523
79059

265255


594365
263015
794838

166885
361019
546628
890567
915577
399174




352241
371739

976102
308064
13178
295375
587088
308910
781680
60132
349162
319549
926363
106042



94909
275306
831766

578243
765571
535104
897250
536512
638161
919073
109101
49004

7749

159492
860159
5448
553106
947264
846497
835308
760639
735753

104934

16419
270728
931381



18990
875346
976902
644197
534586
943941
217687
961646
764545


484502
12959
582823
990327
761553
97845

568290
297202


541170
134422
57665
628540

504053


359834

701002

296021
119118
83971
457261

960302
254765

272107
815720

38030
864394
952792
531411
367808

239498
138355
287966
123761
898834


554574
122518



689466
693617

959213
623639
73591
499030
730078
348959
97635

143826

449386
419512

801050
614739
202526


181153

190161
985463
481707
274854
876856


675561
921057

968720

981022
526953

780273

608044

44655
986094

8966
458043
896479
355383
917289
308073

540018
422196

120500

762575
27869
97876
612957

266929

914081
946401

603992
82471
750305
789723



892152

4737
355083

181759
556585
467996
869574

765171
793506

86263
480594
686854
62902


566921
975609
250220
663354
456878
406228

402251
53595
744661
623123
988479
231457

134647
884832
655036
180521
354057
151011
773102
511035
70602

381653

80141
144111



18986
58972
58481
990890
187227
812941
72627

259000
903042
925000
177894

521453
180599
801635
713614
885115
151717
116763
451139
425674

777022

6469
537600
92648
787374



234865
271142
134658


530413
656279
774766
379013

536722


109518
82972
11980

38493
530391
635921

96614
69659
814175
790881
379794
688090
984
394334
260492




201831
841121
787515

72008
832992

291685
401552
430633
710782
741951

808336
767595

711739
41048


61061

330305



255130
488103
315668
794077

266583

693205
108638

107699
356338


879683
89180
849631
304581

313883
845153

329400

958763
116090
663947
90889



833090
249422

59166


729581
204902
996531
805590
145150
598981
104379
839925

567074
988672
849817
527039
55087
134681
352624


38123
504751
733397
979507

190920
188710
786382
979643

424040




225045
816800

810785
839234
432948

237896


778738
925396
286262

693391
820215
818979
400566
340143

638119
422342
387740

51501
478807

706832

36728
16114
818495

461529
29452



428730

415123

684428
738868
266676
777360

191556

758873
339016
877894

443967

923255
880027
370561
530619

899525
710574
499621
537551

910482
928434

869711
340434
242462
190561

563538


415234
641874

152334
561036
341564
65335
144563
930339

624851
584720
738988
344153
813908
855157

914789
32425
993574
972735
403305

356793
619926

837028
742756

222381
335476
752064
834870
536660

326662
415668


354798


724511
697637
617316
278899
185159
732444
561769
773869
776671


660179

798815

63388
414200
663431
600974

920756
337895
108324
409381
347233
810880
546813
798364
350463
774048
399833
16755

46197
399072
130365
372858
830389
774142
68587
920405
484687

132119
460544

434571
490898
551495

150531
165581
487366

777154
231949
842908
972529
538915

803864
299258
327121
674074
705570


261554

435704
581645
712859
498932

348570
977737


592855
130122
174401
24278
928558
292122
494888
266399



91822
512609

960137

560712
59176
392908

249160
936769

895568
119387

490102


126658
198886
259127
588036
727252
463014
256794
932970
984052
755700
321710
742358


974490
499669
347424
708344
806960
86117
272599
960186
35089
181108
859600

482095
116178
614034
91477
913972

680426
558628
730662
568980
183146
441308

206455


304041
360350
186949
244256



30168
571689
790637
559293
100659
999540
630964
77573
437433
543368
397027


335601



677487
204122
637554
597657

860302
889233
976373

332193
303941
812999
358271

981610
62426
402709


847734
592221
68406

695416
660534

515807

789855

385291
489709

458745
578329
31693





896937
788073
239086


936035
357044
828776
892274


796227

367824
662144



782464
500747
882236



595126
75528
558591
588516


95309
800153

150196
262458


115963
747794
366035

362039


572815
645870
483661
496475
276902

44645
491574



254105
92189

706239
280122



327925
980927
20362


981517
695599
539701
180424
585459
177403
805001

378389
463560



639819

30881

617999

295976

313144
79896
135207
89718




103101
580981

833626
772882
453341

249677
886506
476607
576528
231392
797740

5512
99588

324380

637002
461738
958446
496639
425544
732579
459030
505619
763251
341136

319596
612237




530358
992200


23505
227210
550022
860188
915413
153462
767208
748633
952005
432283
258967
277387
897606
588289
574987
33307
402579
910595


495398
3275

155114

617984
932730
907570


853739

489213


958667
682005
472453
3526
416127
63751
746069
653629



116387

664383

950634
632445

658613

345483
552674
166622
368541
717700

111062
676965
934499
256115
640728
41476
205129




922643
903981
51105
797672
242980
158946
245621


748922
409559
573743

790201
827018

475747
422899
296089
867191

849138


821851
405245

437320

99252
274714
147356

845151



397534

181491

943538

588699
869267
173168
354373


392000
880617
601549
658528

763737
227511
829512
530458
365489
872103

810063
329652

119473
22919

878450

223744
305936
690848
107074
612346
957729
976782
876900
762218
193927

437531
870319
903506
402457
536593
55178
638326
488116
732476
481678
913887

120607
19862


328380
273292

773641

261914
485448
54329

829472

196237

497190
249702
420948
600892


332893

439386

462867
410997
151860
698863

411171

545656
530702
316811
632353



509531
609704
830392
272816
696141
546574




815354
754540
334757
946942
151244
231748

353939

663679


183280
225593

803247
163734
322320
740443

430779
76080
435470
648860



887605
373380
403526



367960
31313
954136
551674


673666
62352
420559
451817

863512

797178

348797

954505
446438

79754
580144

904594

923481
409840
727030
391852
565785
807333
213312

941146
402723

132169
375439
667338
71842
844367
723348
324956


805041
77776
529247

649997
605814
433319


201821

293931

470856

913343


408168
317748
381017
668055

635654
911667
536869
568063
824476
989531

525350
87007
567768


691423
469990

390434

274038
161687
309972
710519

816454

158740
253928
741637
349144
799281
209878
717418
621705
166277



539280


728346
903300

138260
574945
793052
722848

64951

428199
505684
530816
487666
93166
955021
749894
370452
25945
465963



415884
206735
601031

366310
465789

145402
281131
328175
321960
926313
153071
603810
254344

458485
772910
11264
299804

902162
611689
505293
309712
643500

155874

98648
323687
687296
740062
562561
927331

572883
355361
63684
654734
9866
797004
507947
546320
326054
679861


260233
100361
978683
214902

328620
132784
317641
575023
403628
322013

677664

683422

143838

788400
347094
131804
643459
538621
802749
430719
215521

663963
770021
725677
805916
344118

319844
372864
785712

719624
616887
360935


130675
90173
430742



475484

219467
116576

719965
191106
639964
798100
36837
614125
652778
950156
342288
434862
764108

623670
27822

888862

945158

31291
954181

565087
352557
571669


511229
756175

815324
904515
245466

241341
374740

952189
506266

497973
621187
750374
245927
373329
905265
295454


221869
133755
298743
623393
261500
184369
863637

277566


31660
520927
172804
698544


880559
531648
123512
43144
383552
253788


900892
147912
451496
741803
817955


107675
187656

652975
836701

647532
913938
99898

887334
364903
959065
577029

227313
379762
705205
99894
830725
321717
742056
226424



215098

970369
285974
818429
462895
193975

501824

442023

944163


265403


601162
489370
76722
554612


890425
721757
794871
822159
36225
34399
147577

847689

239011

905237
702073
789108

691164

550896
115633

670693
925660
67270
236566


476847
560419
953348
154934
171661
369175
90252
518913
874714
111251
640885

694167

834043
617352

52555
800887

226515
303367
905792
106186

960269
49597
372535
479509
898830
45879
875267


355086
388212
113962
523312
204682
167102

88772

183084
959974
708188
338668
258657
362647

897486

464182
188534

951554
955477

565534
393165



81352
505202

291362

351868
66512



853683
371093


201459
382954
948164
718851


508786
171170
889285


407750
904809
295034
636407


698314
296661
145637
304486
704020
626765
299508
874351
567349




613323
247518
819153

73907
414067
409403

886888
144984
352508
944529
678639
554360

980442
494078
339491
576677
25292

591750
375518

417015
871823
164327

842115


955423
255752
297052



522880
101014


621396
922150


801557

12189
51531
247530

230913
961836



137205
397765
522174

83706
850006
394095
411747
123587



123553
65481
862435
342536
916461
503283
452538
417068

382763
935096

391704
687649
876669
80496




965811
115157
566424
567678
299990
724701

324079

693614
990054

557386

3712

556348



627073

207696
813285
988013
857021

459088
732403
821995
421200
791300
92887

152964
40295
666206
963373
806050
145177

559209
416811
697283
630466
460253

186328
991715
586036

481504
143630
778073
744366
762778
114143
206564

364164
432749


69155
78782
839430
302284
174574
739654
552212
678547
710505
279968
311731
989753
133286

980755
114273
719529
921377


451915
337167
520599


595789
191671
839195
548931
620365
166997
163115
280651
166359
306044
180762
10864

719230
261134
224165

14638
609769

421987
253531
89542
150219
404554

364468
698033
560550
809812
927093
485149
421914
814607
672949
82811
674481
460852
316110
272164
145789
173003
393327
890199
904513
512332
787234
944428
347554
442630
391306

427850
443423
783762
697774
805760


344730
761170
506461
995615
245561
227249
151643
186248
662866
247345
251574



411137


67351
93477

414032

101769


388721
515167


537752
433401


248514
386142
989547



941367

745132
649468

473679
577413
737714

745575
293055
916340


958069

145418
461427

129229
867650
951411

826792
876757
645340


106062
580781
178165
256837
877419
579962
150628
269620

997817

780849

525781
679412
141385
339696

72916
449007
811867
862983


319032
224881
19775
317449
14990
67415

876885
864120
401021
105351


990455
567253

692023



380050

379235
184578


286718

991362
705035

595339
557531

283859
869179


711816
592029

260242
846280
55075
168006
414407

839660
803704
761489
225730
545152


645233

32862
904246
133912
835544
918315



204335
184276
329473
537718
246336

778210

724011
428441


104418
370446
11889


382743
535351
755486
521825


541843
243092
139282
516672

173325
44566
370603
319383



377124
564429
15341

117256



235037

696648
941523


207636
955979
811184
228920
147149

339084
485470

473898
43862
110777

880568


868738
57072
660549



345444
91294
801405
865250
381411
763561
399840
167628

270431


328827
517950
900770
653630


122719

536352
473289

31355
866377
103420
581796

71570
901226


771662
10608
877403

595373



826743
934550

443746
27618
764523

337281
734321
854925
605232

440448

247732
877325

85853
615032
215713
754033
695608
406452


627503

788985

35108
717540
81204
95559
440973

890426

273878
62994

693426
73224
346644
238185


723636
130498
624300
195911
81145
517337
472689

652711
658882


182200
456641
554751
692366
598297

214318

192911
848009

162829
3945
821256
721807

814866
955813
955667

811123
801892
994656
914493
116533
471716

438073
146080


640085

597664

444699
307222

791449
33543


583864
707040
696548
488848
274972
994726
395281
558370
345831

979069

109724
431270

845254
669480



323534
700545
381468
154708
491100
722993
460960
831890

618527
965829
363193
880345

460689
839260
17288
420717
834045
176818
380067
314136
203853

118340

96644
59151

505428

295180
926572
788357

296245
18480


567023
168582
263652

93148
220969
256108
510852

784881

995985
788580


749843

949761
666835
972433
696596

299510

726583
553212
71493

921911
10397

823396
631850

558168

773138

491759
447990

406762
650320

264936
234939

487511
662594




50541
775497
741309
782073
769244
741928
792271
910350

577455

304813

226744
553459
491296

309235

914105
334562
835696

122610
726954
528771
287458

155496

210562
725311
889830


527968

3860
718032

131357
992992
353901

848890
977468
808781
587454
612935
190611
995263
988564
812113

881647
10281
218616
455474

153692
457141

152161

92495
494436
103587
112171
357566


723500
133746
159445

339271
477469
392584
949356
471973
277971

454417


45113

383515
42997
174010
312106
393032
126163

778519

836933
586632
981496

267714


773008
282896
10346


802433

196051

452910
967271
392444
711858
774351

264045
238533
41303
939784
529522

791792

419075
126130
174323
975528

518739

778597
441967

216602


887877
482537
334306
445665

506189


591565
482811



653897

797657
256218
92801


944688




757012
880652
32298
437763
9692
272535
976211
324570
156054
555127
616407
295208
187633
15976


22459
630425
682738

463428

124692
922027
611636
280866
169151
297692
88173
200661



109685

412904


234326
249730
417111
549853


678496
544914
441637


570225

332290

910205
419098
191727
529251

673634
940858
850226
986833
772965
169206

212230
254256

778766
131828

634274

272458
367906
867648
777267

516915
494583

308939

695651
513214
559028
756520
994850
867614


850138
584594
251973
87725
497719
547444
903735
667316

208422
295494
634963
116520




246482


280921
619454
568052
972321
663169
97244


405593


157267
463213
687308
872145
70049

685176
147565
231362
175087
486287
850844
182629

982122
490429
976402

263103
16263
628896
99904
699662
240872
935098
17699
959702
239428
568982
468254
423728

240874
420352
109413


641409
22643
817152

172464
510490
809628

753715
138282
440695
820150
221654

846713


918349
106415

213922


738355
531082
53114
57872
956924

503286
612433

335713
412456
234934
754383

517536

29531

970070
917818

51109
844145
259792
337778
442422
700463

584893
726928
300596
638709
213671

369392

985874
484268

760896


22632
887190
674203
925400
376842
325798


404453
700391
19711
971393
539839

901342
340039
711478
232395



450637
120115
34818


270569

43652
437554



894662
261275


654773

536809

943152


54325
476791

392566

564521
637938
504424
156188

112255
492036
602910
767951
58921

624786
845993
214395

4302
641121
59178
707967
653989
119575
622653
414517

567941

903019

249596
982203


905168
685989

700116
209305

343448
179781
179977
755513

30640


918563

684491
239121



955555
7966

742395
345403
596570

647765
873560

342574

717067
747872
282380
794017
489559
279255
163848
860020
684607

685210
714349
613948
200867
289752
452903

395760

586453

481431

36426
469262
553760
878604
233919
663147
821598
545540
674551
4449
969617
358185




253011


234264
39870
185151
511377


330680

599917
27837
941288
138617
716545

594167
391516


246433
283178
534157
260853
468718
872460
480224
963065

440798
576456
904989
738305
931961
618907
93765
158245
879972
732410

236223
225790

590498
825612
46333


404215
135946


629696
839818
63972
295470
681415






880503

49006
938159
295153
859696
285441

82484


360800
735915
410973
458236

150241



299524

763465
731960
635632
141108
691834
727925
389585


167845

981257
581801
434157
634039
26278
118692
657517
41873
200399
187593

232705
909293

23665
570008

774807

438877
890099
671226
263002

531513
59110
205362
54673
483268
695997
788656
22330
741255
575952
822133
352864
34455
585620
289653
221373
253082
321155
3195

966333


311763
216312
578868
969628


384473

500667

750908
552388
642149
908679
847387

659015
612904
612151
225892
725838
26545
493754
86833
490016

878756
684213
87774
290221
155579
762777
181180
663237
350752

353924
229945
31847

901670
131161

274071
132623
826160
103977
819361
102309

61322


44352

501862
983235

48981
61449
377383
812784

926288
692234

637871
990301

956943

546849
779018
880458
546222
827578
303805
936350


471222
939310
580801

628792


366167
729968
651435
743792
671069
940745
86574
375093
665280
573121
316126
278685

145627
898365
906323


889846

430642
283683
972084
321341

743252
614370

361265
343942


690201

598065




142550

211916

845168
536676

108507
892463

