961858
341247
991189
732706

801861
572075
887189
955726
67028
546687

165695
349136

517757
862720
843335
931228

229527

715449
94749
155026
212187
439759

150244
523029

427674
8654

456889

249669
563956
486733
600363
751907
216022
907364
405461
312862
281283
939096
566343
440814

541689


897324
261714
146336

226290
107685


575807
575305
650274
505240

693874
388461
173979

452159

281987
226355
418169
30135
977337
403373

244102
62974
836188
212359
548312
275079
998320
285832
63460

738107
100203
423192
463057
500760
830265
47463
726487
292288
850982
512613

206083
572790
188452

663867




513727
740348
859790
393887

301550
572790


791539
986534
850713

26967
85827


4779
125537
924747

897467
113065
29342

153370
266504
633346
70553
168947
908942

204799
512020
926912
162814
14063
205124
722655
225595
309062
872783
546805
751104
701942
701880
784162


411162
96895
717610
880214

750897
391167
642521
853167

290493
171097
48204
295069
311088
77410
427909
282182
167077
428713
299134

61052
824277

456623
552345
885371

165147
2352
149461
805871

160595
746853
290370
452408
293607
48385
675085
352483


320122
441802
399516
406834
468961


761163

414702

327716

626495
70044
440759

702791
735704
665117


609100
261359

706783
149015
721068

371079
740436
918472
363058
842872

201570


392930

379593
786138
693388
932480
139925
144770
786923

583908
478928
648220
164802


792087
30067
924643
911049
860109
86090


830573
559919
493476

369416
176468
547306
57310

183627

752918
459253

211635
53334


488147
563543
740820
250829
909254

960143
45905
349798
171998
187500

756898

174889

712722
263437
716418
667131
350752


905575
789165
152691
61747
711749
822264
687043
299603

208116

594957
490681
472373
445558
393947

770427
528680
550144
948779
220816
311955
147812

322823


950438
886238
667697
262775
72833

235695
232008
94895

67031
760545
197614

706527
897564

401743

297361
36536
748376
275327
528899
928085
266071
831925
11674
273018
753594


684458
45023
92977
122122
605950

251540

191842
759602

427763
723031


101532
817074
144532
32396
768426
758398
914480

947170
902799
375608
579641
987234
449415
612559

235640
497834
595622
760467
535198
409181
648972


151522

968657

754888
46266
482974
761512

75584
559943


266941
249638
517280
509977
652684

883691

714288
956359
43302
883785

452174
612114
609153
857711
254092
481159
807699
228345



517059
505998
373574

396781

293655
639624
987360



46224
391949

761739
480489
988312


393609
849973
269722
787151

280188

158878
220570
344708

828234
587174
239827


505109
161896
762223

237787
970521
785721
48771
968062
503814
816490
391480
779804


778882
571969
141655
40231
981826
600220
804084


405266
530767
380468
82167
459814


786656


656815


481898
688450
849006
98480
136096
984694
165655
512065
666824


279399
528186

739296
20421
220715



646711
701100
350373
815641
767499
122752
248077
265367



529606
951100


123519
28552

904921
143808
126098

83418
991352
645758
923909
269833
307233
869171
122304

284875
918803
801808

87186
645045
306198
52643
415768
782307

59709
25895


507494

484805
744908

770026
261499
997194
881625
812199
863686

839641

497385
325018
958482
724708




744635
358882
638890
17903
209651
540277
69356
504641
653631



377799
599110
796837

150117
623150


818041
956217
389385
95846

119572
767202


677803
282886
98273

434719
805752
12909
333577

332982

733473
829537
916492
784893
182941


449552
28822
458545

368776
711011
404089
667807
122770

201159
47114

183603
766204

899775

324315

528451
389028

545164

780855

849746
28719
120329


978446
644106

306271

947346
911183

390650
84833
671336
877109





925116


981017
409152




358922
641646

709758
648308
813864

507824



811867


475242
875144
174828
803123


822863
29769

800183
140516

665964
794603
671364
379081
477856
310717


153018

625478
394054
724334
211527
759892
764343
829891

272636
74337
415139

137980
916728
895801
720347
24262
563521
912348

411320

287404
795297

962523
689767

796697
825957
206783
384675
498163

708180
529606

361502


736125
484849
968600
377465





103344
905871
544911
460903



72617

727243
786103

951705
49936
702025
834467
154056
108919
641916

927098

586576
604528
607835
839350
186995
967928
961329
489848
398298
612642
209257
452878
438444
524197
263977
910269
987954
959433
479248
646880
416893
999159
728302
705090
546029


534490

656648
192557


140819
6240
78088

521341
688995
327567

370974
860496
113833
803880
172558
948974

782379
294923
36393

752643
760560
677089
627957
893421
343401
883734

379724

760943
117289

90270
333401

541519
913023
507450
982066

957725
960716
639031
601107
823942
250828

718774
633793
47610



384813


94785
517425
481243
663260
866471

527907



540000
237659
235784

499174
578152
492269



203616
915294

476827
20924
3053

282080
934097

695539
420692

557965
983836
9556
474435
843104
484933
910225

716539
995435
370585
831546

415837
963983
361863
227522
441246

944616

486210

839126
730784
998219


588498
404251
903317
554060

236307
514432
1887
339192
694103

273067

422994
785432
481318
640993
452448
989420

767112
168365
450131
781253
181957

8250
138031
868240
280546

555232
172884
238592
971291

59808

746373
439630




289233
394188

6038



685837
969795
730635
150405

981642
86162

912256
295999


980837

659828

875201

434054

331599
480246
261623
586208

477404
227126

373795
944951
27852
641056

981818
143379
338922
496441
84753
287295
94328

423827
68243
507918
20161
611276
569984
969812
20118
739160
951300
146531


242625




253001
901717

462063
560497
840430
668758

389625

102830
547610
625962

996035
94709
421547
532970
963428


449230
736637
217394
633581
33633
877394
449783

971251

675947


912898
76281
728878






703562
571435
664710

170785
439968


265572
295967
424490
780315
841801
139520
617967
509401
66357
843328


175706



211607
409175


529737
394185
711936
298002
597894


898208


988011

56290

162937
824960
184298
442622
828645


625468
434062
155890

921070
321571
762505
129933
345608
508137


630366
690245

444583
149996
672516
523157
942058

362927
104849

32713
832309
820564
921532

308645

758783
86449
447288
876028


907385
383365


503463
592141
703939
776174
506723
546755
421537
996208

780263
971060
905663
710948
247446
669970
251812
927896

239372

389584
970144
390897

813289

137029
674873

940062
339592
704845




318342
96346
44088

821501
60006

244843
448055
869707
845616


120951

78588
368428
418556
604758

663196
72851

884824

817901


940854
447634


106253
208042
953397
309607
663493
776170
133423
155278
938771

433329
145997
298203
603314

309594
9463



630368
790176
885779

626285
170737
849898
862404
111259
515809


572704


110670



282215
359854

269760
535211
993516
134909

877642
1621
131676
984086

746044


750689
300651
407143
581023
503404
268462
932347
764814
536780


570468
140624
665974
484423
872659

997871


376337
8537
110581

323429
842949

65037
93087
974182

238997


378985
815312

542898
384044
848477
668878

853028

278930
324377
965678
910104
280669


576879
416946
764779
579787
601704
350483
410724
298752
629663
415573

347068
67282
923773
75852
757504
675460
743933


644984
813767
893670
22412
449650
731937

215927
970318
475663

174380
885543
883380
677739
72686
303577
356154
420307


546285
587927
138316
597141

260530


471711
522978
590074
525238
281582
679487
221076
580384
26262
427954
307891

556062
321092

340950

685278

426460
456862
656678
295073
396554
925721
774913
301520

908035
614240
831795
437435
70322

280142
893201
802652
861830

583840

659960
912607

535060

958598


227916
984179
951396


843112
708254

663907
532203
532255
669811

329475

782029


110019
629386

667805

763151
560837
730633
171724
349174
621890
615522


471375

539652
20195

97243
800877


443457
489617
356576
935809

640280

404889


687311


807488

88659

884125
947647

357718
543596

12999
363616

634470

329645
214206
691419
305621

421647

790233
420471
839683
570395

999670
53977


920471

884622

62592

530256
734390
347015
261117
827066
814947
692412
112924

850003
30971
960689
293351
592878
903282

924581
54804
974352
61667
254210

668395
631308



6940

695460

461125
881336

406170
795476
54473

533992

533674
410055
18705

969864


855569
437156
933462
318556

335458
401481

850195
765458

634573
933415
774666

756616
904518
742015
117915
608997

572793


329078
635468

696270

165681
821114
637193
749993
701213
899370
852108
443922

821130
510800
814865
286727
348699
666533
883131
329369
684054


641878

203625

749673
179332
51387
179209

560136
659009


878181
749604
304250
538641

25942
545320

478864
825754

945534
287270


656199
157492

53360
971689

805155



400712
507094

804160
225879
685311

152746
24634


405539
566924
699479
418069

619602
86203



204998
51103
509202
958634

357310
275811

153555
672117
269998
757113
389747
4136
886428
666598


394083
516281
120544
138127
638278

542871
66832
251419
251130
416918
627555
125156

817242
375386
741339
934522
393662
120157
852350
614402
303338
134881
359279
596526

963886
590894

332017
83240

363119
114878
763875
84116



184632
289613
804297
923627
117028
9596
641215
284523
157761
606578

784027
511943
502386
90027
612447
641189
236124
553486

952220
976681
160135

430932
70811

858825
359689
976745

772775

978042
222268
503943
711436
449675
252084
721730
203907
796480
849239
959145
334273
753075


260613
998147
532521
541813


241104
378929
357547

57509
192791
817521

900444
538390

529969
189659
76064


869123
905820

112681
406657
829230
806983

257258
131400
130422
974777
935886

621888
48397
545799
775176
741347
554423

325354
287722
617092
122199
967608
820026
31155

178807
650670
254154
83629
693150

935919
548921

644569
937411
447713

935646
214948

641274

104389

472621
668608
565446
267715
499689

444400
628994
785801
76557
931143
531515
279062
191003

337787

425701
39379

612527
821999
787596


320957

57930
805000

851512
607719
366059
574295
914125

276691

134523
967463
916349

165045

879037
470020
253187
527986
311951
585081

180801

196427
607407
123964


518849
465730

17432
291805
909362
646821

531794
325446

579680
45673

471269
106669
28265

230653

837085
608823
534482

510538
352276
942377

289914
917289
658357
808897


556689
779298


687987
326525
590380
871462



234602
948863
743007
4306
849961

201485
398277
921625

113915
942988
15521

424186
864447
730420
789393
791973
401490
638758


131099
917185
209871

610443

978587

478308


67466
234192


443979
342691

245782

125751
76527


831889
808021

694549
150826

968792
21668




630970
35494

22481

689561
616411


876047

387970




879515
464069
586485
49434

256658
764483
377654
177264
524188
387448
727192
918178

670060


708680
435634
710313
210287
476979


49345
386023

762788
384702
438468

955000
465123
836096

127127
963592
577949
993186
857614
620048

85683



914859
388587
873052






680438


240629


433128
290730

167385
725402
484635
989115


232615
286720
237091
561717
840583
204001

608384

315490
999692
241434
157601
426859




217359




45750
157770
552912
735784

767879
577186
343327
651766
627202

963861
463211


382681
979702
582505
860359
173331
751915


401225
928860
345523
669453
168415
967807
594932
71416

422037
920128
164271
199575
379901

444690

751447
545727
881682

425010
188832
592880
821477
773803
199716
848814
456596
723947
10373
296639
311304

312988
789916
374693
947309
620489
547073
199340
330110

973183

577243
137003

552728



628836

245976
19138
60836
927922

576200
484832

384127
204177
212104
906052
17749
115595
308822
707381
29342
929837
965555
720292

645739


595695
105548
219311

612901
364531
953914
740435
505138


867990

460909
761946
671031

649706
537891
391782

232581
469387




568470
510639
766379

231801
132044
491688
161308

191810
388995
829712
42404

862743


935231
293928
106010
797536

705693


231431
536496
813795
774590
480124
532991
676896
254123


129659

669774
137635
43238


750057


72157
104404
180421
645648
401380
386105
344005


328801
40777
764560
149630
61288
261400
229903

381536
848797

296823

813941

738334
492712


3093

144673
801796
274588
879486

30573
849685

526602
833821
51966
329091
99783
926134
230006

498105
127643
456435

771179
817026
138673
533578
387409
977509
174233
603071
896910
760943
946440

900472
744771


699961
607887
968218


287834
918575
747241
812866

937365
221821
873102
86088
669319
803315
829740

256155

759125
594026
96444
156089
275441


752604
408298
820209
361087
1910
191711
275319


49464

635273
452548

688545
596478
516217
849703
322454
290979


950799
944535

872555
21307
405791
745210
998725

524095
492030


917514
185924
72283
834430
450485

149268


656991
905115

164301
395934


586380
72060
773635
560616
535915
594613
616830
795098

751319

542233
786047
646319
265659
821513


755221
848589
535109
541507
135380
897422
148345
927475
743846

808503
564792



664300


193083
631360

777490
731923
330205
26893
478473
565897
285249
81157
932920
29927


236216

855179

547001

520751
611839
312097
929281

419349

61494
555075
441058

975519



255462
937631

197489
46230


64449
303164
87663
97679

159794

842748
728404
983842
653012
754369
833152

734691
585690
332643
453076
697790
995886
967397
352387
201785
348966
619413
19284
648355

497821


580625


906087
179518

864890
860919
47038

632106
789878
22847
222124
768667
165575
734690
109325


348250
617330
587686

166788
64295

866333
142462
421275
635262
433478
385645
415932

385024
611962

738419
851582
318606



993769

577600
4746

854572
272165
249438

996802

596708


869308
238562

82568

325319
245150
655730
526114

169519
754015

614679
520783
228754
842776
342446
219841
158014
791258
867789
192899
89130
141851
749853
524172

187500




878985
932116
961736

74312


558869

206941

752664
827052
792418
88811
651818

3575

130164
317494
587586
754004


594250



991188
139711

565494


350217
239302


853197
565156



267020
224923
260882

525338

585549
413456

184948
640201
227615
589516

761663



296530
361775
823609
246623
406024
281497
12446

89070
272993


915787
761901
146024
13573

770120


946942
345272
220607

778315
360482
2555
656414
382492

836289
645276

579005

919190
313536

237994
524981
842810
363429
214862
58274
449317
923933
628905

715501
504674
272357



640411
952179
235214
742877
64184

300061
894871
808139
818643
948714

657754


972973
592726
472571
310980
58666
430095


1998
139819
536120
829624

540061
898993
569552

380309

837201

433512

448298
298094
211151
238130
882253
613706


109315


858409

84051
927875
653339
649701


766201

804086
195487
186888

89859
183941
583944
280296
796658
351102

383536
197320

786518



706667

235299

953754
7989
596959


752784
351620

690400

993142
728404
797862
561181
362279
275054
545248
831365
377296
404564
158135
912497
413931
409066
786084
629676
380536

220697
148054
315268
492987
16938

42692

737651
723780
905764

990956

724996
651704
2273
490462
325239
752078


154899
445361
148065


55796
637928
672653

635597
388660
62788
376726

555520

44207
749305
104429
720514
940371
579312

389621



877157
117390
807922
198344
758850
328447
320814
656659
711786
700455
172761
105659

67454

234382
470013
569829
184857
908678
879593
38619
54928
392319
81059
568665
872301
64207
365639





599522
103448


371539
825314
841658
926037


121162
464710
550547
398405

998013
763237

808585
968821
566557


471043
847169
268209
268670
54119
403766

769766

336776

46706

27231
368405
697227
375662
261946
742266


522296


993934
776148

634634

123119
52259
358485


515658

341440
988353
547099
24478



109612
308444
642077
972081
233579
404336
894450
139998
864729
592523
927246
435098
920509
557712
613287
936010
591497
605327
217190
854406
907760

324009

288901
300725
383173
186994
262036

455885
307099

925872
150066
262012
402739
959169
699926

336272
235467
978120

933065

432998
211539
119771

417482

576744
603082

817210
751630

911846
520017
741518
579318


290474


40929
141944

741216
453220
252006
977398
100891
309799
382634
518405
300727
619812
926809
271355



17859
584879
776071
223252
187379

99776
864106
142681
502336
270911
864573
917285
482021
884600
820977
846959
854686
517864
954617
681846
866997
408984


167024
277503
237827
792392

252439
961028
317578
84695

341732
954200

325761

784694
34060
460685



809358
719705
213975
788730
365839
706965
763144

599815



329683

460152
859192
572445


464775
368267
229365


558959

181611
331754
827370


737470
430141
847898
640211
572930
870108
171578
688602

677320
266935
232295


788850

503478
521049
874071
424988
162260
182191
928344
759262
68696
663276




383595
772033
167169

840513
244379
615998
612787
440100
978066
927126
402031
67840
700157


166650
982326
637523

563040
378798

863140

888814
938461

496672
34803
810497



346576
77984
695099
523376


338009
444938
594027



55284
487014
322306
905071



96593
649115

264340


724527


108016
203056
507685
332961
273148
101400
439573
786724
559133

672947
768826
807999
889838

593519



441568
396612
731295
810652
628520


389886
7848

523203
472347

76919
487962
240922
386408

209555
521767
655018
965416
933331
312078

597798
858125


649473

387099
727560
515770
526541
517252
125459
821623
133478


673937


746422
591260
450815
259818
525746

966844
624073


258302
185388
904703
610893
253608

544223
190885
93358
822436

432745
151750

523583
160931
838679
593725
350662
842657
943174



150193
491078
892151

846941
545000

193844
918049
993309

883029
460262

808019
62130


772187

115712
612157
674650

401790

826481


392503
928490
552733
140777


655778
785646
832247
563384
643792
648543

251933
990675
772957
697369
428159
297820
734984

210750
30700
701880
444751
320405
757902
561320
162838
939437
910491
765166
557161
706636

361191
113819

650792
24733
653268
239882
120434
744631

726472
943493
547134
47298
432605


966149
331888


471774

397379

468906
876142
102334

567688
294600
180661
903498
785618

319267
82943
695480
140776



184038
758821
816543
607368
839423
909887
901356
977539

227085
836181
388119


899306
719636


158357

742662
12872
870097
93651
934930
861631
905980
50943
758064




200278

7944
306763

39133



760708
598800
738909

410366
70521


620209
848332

423410

279096

51168
658255
172905
91460
367473
446994
423505
150266
468419

75513

166765


914001
585599

685898
975389
42166


364494
127964
392315
426205
75800

848595
206445
153648
502635
56058
217435



273454
136649
427382
528157


563616
68470
114510
214663
727103

555956
421574

240712

788024
347905
945650
700729
902786
753846


352250
37437
314835
623845
849721
942478
652368
222794

34084
31636
121183
399287

714684
49374
51587

72755
618471
288426
639617
772685
712001
582586

381590
759029
56268

745223


545622
206506
176054
92730
408280
443979


305859



256054
875243
728564
942564


205971

253062
321955

696916

940667
32221
743884
693440




844741
314452
196419



456682
458395
85171
660314




209213
439922

351101
564763


468887

802357
774969
61868

958655
532248
965134
666625
92813
628969

194707

187267


677763



717351
810172
808435
7238

407884
907745





785864
946530
24675
711383
771378
901069

728185
870290
408363
155591

844835
765529

507215
134136
817141

872782

356240
727048

295719

653701
858469
522785
103959
162770
714804
701451
339013


568710
293005
185597

512528
81437
439304

698190
875193
767027
898346
736202
611397
834316
221752
48464
234928





846628
428952
382521

15906
819268

815070
897338

682758
686051
257613
405381
166001

48607
207521

161117
789962
308398



34213
841734


499069
919848
495891
384148

402084



9514



275559
571387
487195
104783
10859
895949
396943


177622

539041
575641
46810


777422
982795

203148
485624
718224
663915
422961
993352
607044
984131

462074
753895


591903

131066
409917
823331
706014
831441
590898
147135
912352
171389
600945
937497
951726

575799

935313
695257
876685
966883
489369
875376

553741

957926
359392
106468

688456
678973
930525
521919
113915
834687
483681
296175
140273


318108
436141

650648
422350
404077
403741
512670

836059


390768
551522
833470
166423


290914
601474



482756


659533
697970
107185
467754


570605
607440
248294



92038
452382



222639
961832
645052
933103
432227
897841
179943
378385
371321



416913
915416
985543

322999
463564
512769
388820
271600

837017

952075
979964
133008
987527

892434
858435


58175

416490

209198
500760
469067
146726
114886
229222

224372
120712



247564
109985

420461
750391


601906
499939
742903

932651
164791
377989
17542
986551
538790
552065
757611
967329

727224
316975
717718
950323
783698
353286
29359
213662
645888

819075





941527
910827

162166
395166

171980
932506



856682
114263
129648
45164
90722
210890
261021
312655


186275
561884
238460
488710
174413
262087
528253
89980
170343
774728


70656


722973



449132
153530
805383
113324
674322
386049
374914
895337

300881

881694
10032
716304
674696
105604
140695
550691
304274
739272

444506
499028









79869
285730

8269
106870
436395
871802
426891
869494
908297
921316
74667
463362
323374
186653


304088

500773

821141
354319
535472
904653
154714



244712
681302
922377
140384
104354

753529
941183
943118

139786
230892

951462


74089

438366


358475
582954
779056

802946

100475
674851

47774
476612
586286
731451
428212
252687
202355
771343
390639
478085



659739

3583
454396
430023

333933
550911
83327

428569
632339
191460
940107
233497

874435
807896
149419



15663
973113
94248
414417
436210
954468



726294
752463
808655
550069
393171


876940

984202


442868
836950
329848
359926

775590
236399

226810
966468
784121
640226
384861

705426

430891
665147
239920
820420



53131
294229

433955

310550
877517
637620
894238



898493
89217
818268


846757

40570

471279
960507
851159
419841
924173
856004
764768

575383

281030
373970
654086

914355

251290
194083

176254


462325

346033
940921
36657
985960
670549
350489
493847
622919
316469
37553
53991
457528



526667

989711
401442

131668
319555
713301

990024

821984
404872
126261
865080
986486


16388
616816
450426
115107

567984

888995
839842

691008
624742
811682

692686

386175
64466

623777
564405
592564
39780
18190
778016



829154
222987

544456
663855

868423
675598
940732
588132
651126
739882
231520

359022
254914

137193
737429
128384
958846



179290
671154
12730
107261
316242
268507


412088
941354
467245
973289
485696

182563
132689
751744
594334
702530
750915
728085

497203
373584
64337
254871
411009
293282
351344


11647
532383
855729


169424
913710
381640

141829
239411

2748
401527
722090

6251
976384
9250
501489
528592
380672

689208


794470
84949
67626
401690
763150
819617

512515


699617
171035
296468
973972


586139
965938
444016
591388
486149

957260
578594


836340
208016
771237



270989

525613

209244

996620
465843
697941

599876
202633
832825
892689
492698
851902

931468
704559



266929

940190
122516
581378
219763


966189
968413
147403

60006





806148
219122
247251

194420

899190

475490
107787
786346
108027
470346
63105
478035
803663
113781
62230
227182
982693
510104
396212
497295



306018
635371
309232
392786
748222
322327
753203
300737
696800

862160


529806

587006
440817
269811
851258
662609
599483
939692
413010
411230

590874
285328
637462
502468
985069
336444
817803
827864
672981
106622
815069

164656
810418
354665
89467
194628


987332
727002




891938
725022
178612
549884
808893
396105
136562
941575
553558
643399
446796
460547
143481
409539
236244
511796
839165
535492
474462


87461


941632
53722
153329

563588
678834
630863
431726

372391

137825
633034
394679
716134
159920

341868
814824

371768
869838
879475
452955

326981
533963

213800
340174

70202
709599

287945
822733
620335
814052
543472
89220
329512
368416
796300
716016
800881
9932
811963
51543
928044

650373
475494
439265
474120
580643
449405
748019

551014
391559
365024
815058
122757
767277
10291



257680
604589
653722

575710

429980
333471
208003
253966
444399
405296

525181
876452

61414
553857

836060

215674
954149

448049
675357
700076
481800
642973


175567
962970
507654
821766
456181
197325
190763


351326
200420



645599
789135
374858
369987
767248
345856
821221
71337
810591
880064
992231
32508



907265
480431
407240

568334
668429

276361
399291
214693


302759
130174
759239
957869
597060
103899
379270
547117
687487

997708
714760
926708
505053
816744
440687

569653


453607
822817
373224
66027
403951
848684
180685

888335
824426

707351

230420
868652
667006
767847

410564
529527
451581

916006
433053
195245
303380
357905
124513
269796
525738

349702

686351
383939



506032

961614
528169

799536
671590
258062
665615
219280
962762
689610



712599
679406


276813
871670
396965
696428
671692

209853
687170

399382
511871
791111
675691


266770
217297
856983
814144
29003
579657
520397
206434


669842
265829
301941
907270
789811
346328
996408
773323
990182

427771
492040
387657
75989
397469
581060
863446
425115

251549
45731
38258
543419
93916


138013
872452
241248
981049
540414
965741
89549
486578

85681


760236
386550



848618
221075

565016


504208

163257
55721
601901
137683

828980
146057
926471
775182
834702
54552
741404
872915

511505
511012




233727

77732
601244
329098
812340



681973

86262

906830

693635



229810

385252
288970


268348
423819
649533
21968
164046

214906
29665

739894


525339

947050
564140
203971
84602
672314
284795


769086



653317
313141
387678

992169
296512


501893
910461
337851
878646
411983
345379

144415
304129
28503


140233

703214
436930

308739
883496


553173
596475
829022
189421
949087

134329
63666
155307

653658
914824

26174
512950
765381

827795

950165
731672


158038
226507

685386
537558
409771
75746
504721
751039

909054
574720
684473
917675
107459

950827





702151
200888
396011
308054
613869


807768
334055
825609
619871
579031
710999
174368
714774
764151
863535
660685
269013

766508
306527
309443
940248

732627
856027
984842
359704
437949


833033

366065
889890
640648

386989
312599
542293
30058
45316
47714

792420
818388
260488
27836
166712
945657
327989


482755
719575
204553
885612

155152
837844
971842


620536

409713
507776


668942

643118
456284


694289
918057
143690
913185
743087
718361
969433
873203
344496
35181
332687
719456

729194

48003
916293

478277
738212
30653
712757
973161
398643
191934
853327
710792
574430
346316


750643
51523
774353


314927
786557
997571
783694
19361

686962
58967


237475
983404


266924
416937

438776
919277

58260
142997
863968

784160
931473
859923
445942
666459
72951
334328


153579
829064
311650

477185

509050
301760


159719
533285
175642
858193
620032
597414
394615
383790
249997
133059
7384
418315

168354
193396
596811
64440
169679
436346
377610


753079

967386
413737
270726
645052
970808

292041
934720
20351
898711
976769
294515
574099
185720
995176
957197
253884

502138

119354

992544
696097
392667

289956
286136
572218
799279
835685
109917

142199
447882

99664
611939
687638

174283
475269


981807
531413
281834
564925
747238
160390
439011
833202

810036
387006
230003
562756
855870


28857

440458
540856

627990

191751
692471

112378

699580
619092

126686
616683
924828
128840
890699
220307
456530
674472
16449
915806

443204
106261

504903

802105
723396

319385


930059
810887
179478

8436
856181
906749
767418

956638

751384



992444
453437


535691
767589
489190
671036
91113


641310
536953
930741
49162

140626

126331

49358
470293

382231
658766
699754

774509
80521

108367
660616
386715
726516
578928

356331

821477
816494
650700

906138
693019
326010
908580

406159

384664

656713
498883
103031

751083
69259
503447
804975

521100
904279


590746
133852
949089

979032

827318
264059

287072
674367
227485
799587
6632

253513



464290



438922
697248

900845

696443
216412
567215
232102
163074
110023
672118
922638
427959

380613
790529

480840
452232


634662
157912
799664
867120


840904

382123
828410

188417
112136
55137
408056
215468

96476

861608
589356
89061
141577

315931
930449

327936
415384

611118
253122
214265
373878
498140

551565

294797
288183



112404
307054
88546

543025


943642
841563
315728
305135
228674
6936
804372


312049


85254

184399
858397
888750
807607
622546
748049
15274
562469
105192
436097
729354
928204
300267
547240
800153
726792

835773

580383
661463
251980
307304
285046
989840

123849
843009
815518
811628

611259
588116
47814
552054
465078
436916
88494
852954

648679
72598

671435
983608
818998
72246

730807
371675
401664
5653

597670


444246

510015

981221
139883
445804

333224



306653
195384
484936
580246
888349
409082

832594
732982
182633
300367
660796
129586
754286
505072
902603
521809
516671

614148
409950
191285
121389
425723
487564
913822

6957




643554
502678


442564
546534

767235
672429
46514
358093
404911

340820
931705

22904
389532
385977

369011
251226
73678
618333


124953
908736
4320
487237
66187
813567
130023
635999
32127

28153
764697
966590
928273
414370
867347

580112
819682
420882
473650

235490
84838

92348
614388

416923

701127
174082
991403

448255

721535
859918

598236
366339


763253

634725
410860
204926
419859
133792
41222
250261
739211

948127
642930

676529
162069
339958
142614
851933

277769
306378
848235
750474
791698
37135
586418
734903
677453
972331
564462

883108
835997
660006

993010
228798
134408
212202
895430

921050

946102
662870
138798


467363
400965
559310
767999
354662
280802
871198


63394



403925



23163
534971
591112


188370
853207




25461
922602
880167

932381
33420
524405
497814
443844
367428





138315
651887
31291
206297
807579
211476


303240

245003

22764
276863

296904

76860
736130
4385
530392
358160
253004



554272
289227

491045
849605

235354
4553
60676
785467
328495



779755



920858
194208
127837

326382
179631




719889
471214
977780

255379
496973



121224
119784
153634
279402
367267
454940
29562
808236
208684


592045
520098


171453
806014
644000
508737
733777
647222
701697
367634
884236



519310
793695
959903
277408
919954
763189
478493
809900
191681
335360

890834

851826
416346



629147
994479
909328

692218
562370
94084
995034
972981
208746

460834

358559
808515
259305

958080
352329

95489
724494
905847
952606

871283

847705
332155
313009
931211
379826

106614

796154
146178
657

407090

165857
64343
339263


331126
267466
517007
299768
28751
193126
543435

921747
942373

547770
62640
917233



489550
108162
789657
549692

689931
545212
703407


816418


508112


595672
144785

799799
438408
918924
344297



808255
603449
290717
454057




354977
861649
738686


537989
623127
485493
782013


990378
682769
821075
967343
676775

485904
869356

482936
130909

293262
623522

138642

15199
164320
224189
608031
393589


80237
871165
723324
668703
674164
117149
956889


74969
212185
342237
787840
742839
245955

215186
345985
621526
712220
89482
839674
677553
60614
232296
278311
260887
194083

340646
194675
714640

645213
864004

327547
484046
102210
926230
664811
539470

339294
892176
18808
960921

602390

987179

490724
812672
579716
288924



915861
951618
376590
530068
534719
838134
988109

108400
929743

792891
332119
349089
196286
359827

886477
586006
23592
403392

901961
244338

484996

469687
977444
250676

955262

88338
312822

2316
257986



480714
631167
467503
834535
670080

597869
235095
839527
505660
916492
757635

301448
253983
565684
559842

382697
732515
587567
298774
497590
654407
191412


575597
51028

98655


144719
67559
927830
376121
887921
536218

628114
946174
387305

738540
840169

649449
292884
943945
195758


623370

16120
787658
710126


71202
175583
338382
304226

488588


997292
635480
873438
372271
593515
87169
525753
153212

643493
755670
61716
62603
149007
260173
474240
777111
146090
602643
825457
887505
176921

94784






178809

214619
282112

132461
738356
241629

734779
932240
801503

752496
884897
568634
182245
11697
88852
670153
603360
980614
38245

405536
181359

733822
431692
158610
832749


352937
63460
804538
900946
122738
319699
639003
336055
541444
703451
506868
275330
762522
910472
300794
258823
939799
249329




484041
349626
473254
719998
80845
670563
151858
986719
533784
152673

914883
611636
453016
330037
949887
615972
550292
261445

787111

73151

955222
142134
973266


969698
1080
154263
810339




856995
230502
231732

500416
241663
347007
237615
862180

760931
951599
467618

978126
944696
728441
628055

786983
718070
56677
853107

815070

351578
495413


270973
665680
678467
344346
494221
721967
746383

492567
346517
132164

651140

945279
338471

55592
28547
104442

291131
490557
440189
212174
334034
188783
596454


179985
291895
174756
356089
729535
205332

693253



795495

965548
252724
314286
427558

976684


338246
74593

761394
914325
922807

795498
570929

838627

791679


288484
711786

626634



200655
349028
234328

638786
139101
522430
72312
624958

667867


301340


818615
1280
317549
617081
590688


947776



795438

736828

611827
58916
413440
63961
774404
352230
127622
662622
386249

510557
64877


915687

911580

169221
481922

263795
57519

303822

975867
589631

891767

564083

866558

92913
645634
667572

249570

367216

185345

420778




136415
255207



904122
545417
732216
494151
524467

747606
257641
11310
523499

844264
407226
697559
987661
90313
774834



945596
408106
865866
16433
835426
435128
172350
524697
702905
939789
553719
137912
473779
347583
296013
142382
491429
856527
535472
900823
105317

274710
819960
789996

961789
186848
962734

36157
615829
155450
988408

74066
64793
157510

735887

227498
813414
718359

657060
344821
933611


486326
892809
805743
862496


269084


112232
244745
680715
513252
233420
24802
958015
862384
369493
734332
907863
338395
409614
631648
695010
459067

969310
331470

422517

850747
210546


182729

743192
82995
872212
732828
3691
174453

156137
742161


975374
532760
530143

799880
728118
797256
169897
308411
101384
124220


996954
661288
878779
995036
545377
859361
566234
564587
667757
741288


268129
774973
471507
927132
733286
322015
534789
426504
775201
800002
436787
993246
641972
64108
7959

862849
802147
498557
178438

484700
899948

825060
860725

717874


949158
975455



857562
739397


436291
863171
163020
915505

782745


151465
256577
343917
506672
834227
892385
667774
533264
224809
686009
513978
168539
884479
428957
963993
986689
752550

620729
541811
78422
983960
931997
922791



769877


66546

497484

251981

103447
653181
184736
214260
221010
606663

893410
693262
769077
326836
780328
735760


23526

70774

576901
627379
999052
519515
172714
339944
599107
816035
287165
99728

40302
18315


966169

596010

490794
921722



76886

823605
227919
647602
164565
936483

458796
117470
129413
119334
86006
406781

907724
989852
7097


425594


418794

165836

40988
654140
649538
303343
298569
642706

122615

735314



985476
308493
252577
728567

904208
881345
283654
318148


329073
630319
870863

798277
594077
862361

829744
703860

646608
329697
671602
184046

544696
331736


842849
340563

984631
155017
858410
986428
696835


471007
93539
236337
320151
198105


944508
680429
681001
816595
713090
548814
136263
111037
724918
14384

209393
763285



274305
548631
140596
932965


541290
109538
890662
544502
419135

296399
149611
752398
442514
923420

492360

975525
393950
575091
249582
605619

551997
261809


518305
541320
615195
353035
738442


708579
482028
279099
939754
19132

587371
805321
733277
291141
990944

298420
793323
672389
537418
86908
85108



885388
850270
611139
544319
533760

291619
781165


424622


583609
370028
22964
774899
358517
657212
206833

639246
296860

122264
219458
52917
444189
287529

93063
152669
464611
789840
947791




713939

627067
643970


744282
980941

996461
513141
455319
565143
120277
565355

501218

50618

704936
885684
702074
604921
988692
504191
554534
97694

265116
237411
146636
96727
936263
538079
966626

528462
217032
93983
581787

800674
392496

74019

217269
900996
131023
298909


301400


99064
707969
126036

192147
386036
621680
920993
107026
935353

272420
766763
205185
284370
305404

964185
332680
727387
559207
345985


241904
686474




756805



564432

348479
960512
922340
987056
662103
296863
276294
157259

531858
946192

402950
606965
285726
987499
717781
763294

728551
116197
852698

300773
718610
442825
262813
686267
842683
914826
122944
656856
230447
278141

733246
358131
162771
262572
402255
688301


495683
985115


437346
609708
88672
802734


729500
864885
981860
580159
885427
661896


252241
893723
45304

374667
448975
765356
912401

723203
359134

443993
36277

482531
385844
140780

336512
158803


462190
560118
374109
50926
251768


212372
443412
22767
516541
677973
33457
866233
223702
555608

18155

611731
584711

664595
758161

553641
519621

211080
664811
448297
671969


79552
937103
352161
294132
381393
360334
951256
867017

426110
190035
866944
303832
180256
514630
573329
699379
454428
957929

87687
295281
835105
779517
988182
348965
385712

167040
97094

915738

896972
938824

837923

396400

694705

805683
285821

9115
924807
734618
778581
228744
334770
561321


14400
239351
253284
575056

866816
221667

768351
208676
706177
606468
646392

629669
243652

80940

957573
67461

62524


599132
262833

424624

778005
621045
681891
938199
409792
176310
161853
924141
630523
652358
863711
377409
386409

258815

255839
426058
836652
408426
40877

974627
109601

441796

12591
129752
982978
159582
251218
696333
223511
582428
268909

54237
291050

879279
370123

569251
609921
355523
478431
415680

904403

595715
646773
643515
808633

591855

908428
418716
72972

941110

768829
925538


435638
668806

923028

574061

764454
753935
393241


784254
835824
878018

868722
415321

82366

17861
755559

861403
138792

939745
146064

536904
783151

931038

641020
984381




906046
367058
534210
754884


480913
686405
493655
934145


381062
292951
937428
128626
482547

950204
892870
270813
172392


347285
308322
78351
691588
397722
81276
648770
754041
722782
188856
160066
42121
704641
848393
680801
688678
212813
27410
420231
908193
395882

326469
212888
885518
873369

539759
409705
335515

239369
812058

671512
816521

577961
671549
377836

689346

376758

118251
503877

321810
3482
740031
127698
360288
921741

345800
480700
717501
894777
20440
25028
971462
503024
728765
847416
581149

160297
497273
41277

602004
461060

755419
938232

968813
365186
745045

189831

441764

14855


731468
459250
779836
715446
804960


978374

397162
615908

197525
985002
157781
313452
127005
78866
382073
811026
524540

984226
195895

677032
813413
97078
368415
982631
600011
209684
185452
734296
488119
862177
450823


122536
981153
765141

706916
34100
853359

502006

468106


487403
823451
198045
469293
794214

200578
816379
947117

56675
569032
359769
440622
93464
566830

68346

108571
505679
707136

233052
72561


89712

900094
245569
725405

785477
557390
655811
912120
43400
762455
289950
290493
444839
917606



804207
75006
153624
437898
127978
977039
669113
157019
430556
605632

611686
344164
208486
448229
409230
250285
27949
115315

91806
773396
811353
527521
705650
436084
569084





480784

108162
728139
693290
935322
185913

605275
178991

90407
649837
477822
35532

74691
694821
141237
13762
938415

488594

23726
558077
726140


886835


811971
45823
36556
668582

908911
987278
830538
660751
949236
595826
656496
363098
209707


306935
717628
319152
452976
236072
552734


321411
582703
215766
874614

680630
836878
523203
675440
430656


591739

630702
412458
383534
112935
688592
501570
971126
428110
928030

579536
255277
271990

869109

477689
707239

821599
580516

380086
528172
547188
804625
68402
403722

392874
887153
335562


641015
983832
518956
341413
464816
885395
96617

713616

631784
717858

21547
705402
878208
920617
940122


398254
619873
437766
796034

75705
596190

68664
266071
301487

488954

86524

22402


12737
499421
81142

587553
39690

531643
777077
265353
222846
970098

770496
31106
726755



73858
327861
249942
483595

667616

71097



305954
688463

118746

394547
523836
662963
993867
869382
587546
968102


554836
325998
429274
382700
625197
758023
794853

269348
658024
299031

656590


632121
238615
999196
90696

124645

481712

828510
977127

55783
865849


894159
863064
10965

296711

941644


565968
52509


770726

733853
915060

135300


837654
922037
144583

674055
178655
575708

188035
485209
212899
997989


331807
123629
632418
461160
403252

975125
676419
778131

975628
167749
573663
991623
147283
290490
171295

706946
180075
234565
909162
70572

232800
637546
649177
155050
835414
739104
294173
379780
892008


706467


142228
201277
696794
99774
334572
101661


968

646534
943533

61089


858891
493538
227238

461514
664971
82262
155274
876108
548501
33100
546




373530
51740
877969
97923
658186
395078
845311
720977

80405
460291
880291
703539

907843
189162

244086
959621


716176


950936

118930
800523
458942

970587


522506
888693
9677
40399
27997
999052
114649

252265
878693
566339
569097

996642
25192
222429




778943
749126
239243
498751
743444
889638

858319

290150
759385
894043
353984

415626
373861
870110

947930
330779

641049



121876
219633
197241
536115
217486

1766


770262

269811
436809
374200

499384
559697

743473

399027
944641
475711
280553
734668
880618
762634


43419

500050
266633
736410

603885
166445
862784
758588
341232



431208


640724

987572
902069
860388
154255
99320



989969

150561
895738
399787
154962
816935

613251

203216

499764
137788
180790
272189
215133
932797
51282
473047
631775
231457


783477

665130
158153



219857
390014
558758
165680

290318

540851
623605
355882
852773
485827

62893


533468
692331
98286
396976

356021
955784
446020
120016
478164
842733
396892

65671
503246
596702

52832
919930
872672
515235
981819
723028
223694


656197
20555
499996



808060

147832
490279
890977
291467

707598
488271
549423
326715
334206

772332
961266
969724
841565
246763
492735
382964
258100



809922
235066


908510
402382


492590
567643

113213

855684

149369
871291
569993
785143
28954
294831
525033
798025

47283
411139

121665
221487
112733

344765
205365
516113
472942
975871




685013

615164
580685
616074
602185
332107
77765


181412
47179
605312



239554

127441

803030
614361

771519
784067
484532
517903
847262
921032
388186
548306
444514
813371
534845

82571


238490

890296
907566
120947

623716

455534
301321
833680
864692

553339
160011

312697
802024
401264
53442

971592
586344
217523

227777
759707


887692
562744
324396
576987

12383
119802
54925

737125

441766
496326

612892
311310


610789
371810
581877
95833

890008

76884
757382
629544


99019
343447
839990
474289
193848
560435

722442
635564
235069

240110
685111
957264
481499
192110
352299

992379
593707
946692
876276
810280

290534


544495
15460

381148
838957

824777


907486
973532

703151
652808
360192
541310


233825
770087
707709
653975
928125

317587

739081
995572
442856

391435
724216
959892
505176

480846
293260



409046
183903
643691
600706
169697
701245
672787




895962
641654
754731
386907
743452

669250
537694
593577
846188
647571
308720
726062
859068
481487
327912

780929

733768

527967
2931
789991


990416
834340
227767


940362
238271
78697


176193
299484
875579



75861


650147

867289

577235

340947
96808
245747
697585
69728
212678
299254
535582
28689

413293
75937
659210
904017
626179

292232
295464
10025

925118
180132
51765
840569
795498
601138
716142




859010
812955
974646
628479
862001

671228


55186
177235


27364
657402



125193

141590


688343
981366
608487
139733
641445
74106



173643
207663
173076


317286




442859
105051
905345
623860
594766

490450
461006
640482
358161

488417
667907
755702
327578



284343
568070

757367

661299

492266
127574
883943
495342
793018
552725

545236
235680
363435

832096
964755


81390
343254
383339

31359

550199


630295

191751
459591


987058
300734
282499
407096

290617

829140
45974
186667
374727


709365
360982
683331


95245
350264
627653
180302
156191
611982
465744



685057
807111

541648
6412
735562
355618


568546
740414



507894

448445
726169



984399
457616
985621
135253

491637
521116


972038
298670
117939
210935
216351



762576
594707
789128


670903
586692
214133
942273

709485
208029
297836


219398
991899
715317



28700


6250
519316
993217


394920
641460

165526
450956
862444

449306
264239
27461
500056


158378
475977
532846
812331
803902
337884

19609

791455

447646
674766
610632
367061
292321
767296

691511


557494

625749
50598



338756

697214

663140
299852

146551




735103

154751


343997
857768
911548
384626
674441
697592
596918
448940
304083


981981

488106
63340

732637
101507


91374
591220
160582
997682

971884
817973

142949
91037
829617





711193


436475


810363
515583
444694
804789
744996
68766

173273
813712
335215
527753

114398
372750
125136

689486
301869

447953

222469
100610
404053
788042


946731
872393

138859
627892




160645
911017
325819


923330
476107
10989
25632
938923
205653
559072
503849
178960
309140
186800
352585
24605
310687
411855
837636
101824
842569
698868

250302
27064
148321
528921
107825
422875
225959
198451
183833

553926

910165
610564

345639
759629

23569
178253
699785




680012
535114
911932


194155

494034
764891
394191
758885
235551
90989
959899
447514
943837
746671
418947

191520
881350
231723

737928
402910
802561
12590

675258
928665
882712



309172

37018
857446
164987

122293
152317

957388
30638
559615
874562
442001
881483
611282
352451




945415
528798
471588

360018

271205
488878
914548
484011

660450
378554
356107

386804
728435
923580

112987
490165
858309
408954
522216





953551
727638

318949
306152
579568

653923

359910
403581

213888


904775


790241
578662
617351
405145
635945



432302
536457

427780
910985
842421
666985

58508
662077
235523



58430

628456

929265

484109
267453


310549
67454
297810
379704
127977
929773

605953

58270
695307
691411
839648
825700
798705
311082
822124
65163
918265

363216

282942
716830
85475
318129
735897
312067
677732
371302
281183


291314
280823

156034


725258
787467
581169
489008
709895
812793
491249
242232
353103
221435
466053
939625
242592
880648
255643
70884

821839
985301
467275
142149
306477
83068

972435
790049

982005
697190
942137
834470
443917
396729
266512
665084
678074


511149
362522
840176

858095
290363
372377
309534
938783

832374
365391

97492
839167
918824
177371
945331
412047
320701
497686

928034
965591
336818

758974

139912
832874
454589
914351

919044




365348
523904

931029
777796
331868
705451
131970

824411
714003
334435
596969

309703
902910
740422
842504
960477
608100
763114

701111
10237
322899
621687

661533
426761
788490

269817
931406
266742
988229


503345
34510

339757
564835
638827

22239
837984

934222
630397
300290
598017
601930
856792

252967

18589
342567
541325

413496
95705

747192
648070
710601
719583
348124


431416
162533

469779
615151

717252
58022
976655

22635


466370
43081

159676

444533
737839
905429
94312

90818

286514
545776
401405
709377

733655
563446
52153
962992
434862

980829
287637

918255

709113
237125

720097

54327
399929
908383

845624
28532
829478
382195

904804

963181
117900

138698
889157
210176
38484
607243
877224
393745
964696
731169


730244
590185

395035
431646
557191
802088
962012
934007
164731
231930

810058
218135
859784
624860
183056
332699

225092



440745

972285
797126

82182
575308
738635
240888
73395

682257

429940


372105

583119
618883




104598
507425
955407



239093
269764

764316
814649

39519
694600
680980


790348
340210
348677
185691
80140
404706
959616

810933
842674
924438


864989
40984
893887
539518
612339
250173
300103



117847


985092



441706
300302
793724

511729
747657

566085

770871
940330


219100


27659
22059
600198
326104
747572



436281
755698

76744
27376
393207

295875
59232
5084
274190
334426
631619
774704
979816
989066
749463
580826
543168
109782
843671
927589
627161
865094
423252
457490
740825

59632
412595
602111
974405
998337

345482

748085

78088



300823


864108
956040
485321
743333
679298
966419
592341
149738
482285
547528
853407


915983


493533
974654
572465
820597
811284
338446



225332

568084
790146

94355
316404
45876
17564
262700
896925
905033
267167
767546
288034

562932
721988
6629
68211


428828
851993

573812

385471
61364
988

406726
455935

737095
614092
816463
558074

452337
548668
58113


252938
226638
262413
488370
591328
541870
98456

642012
349993
32893
59135
666918



700756
253205
854938
689451
717801
657557
945327
229644
730065
997715
298965

553956
156074
55612
895692
181045
234345
922269
58224
646662
27958
833405
503953
447971
593799

452787

625161

230762
174961
896490
138367
694923
343119
100745
977006

6710
599960
985993

484803
886618
776488
590900
452949
753202
180903
772229
98282
982436
457530

405465
169228
825944
691825
395718



165448
553272
59928
276834
488198

815534
311251

43651

838701
164210
121290
713580
454661
973247
874982
773189


782250
164080
116090
464076
255458
25931
387107
497658
668030
895285
419804
668268



93103
564852
87453
118134
911364
95589

412204
471089

118065
280757
383822
767066
99086
180717
624032
207402

255835
312224
212986

667008

630783
14556
556645
390562
981399
696356
369235
187275
918865

7651
669176

300680



146438

669070
427536
844513
669515
555142
923088
197010

484504

189768

308605
447955
972894

860120
134465
836841

212659
499092
18464

419670


132719
861633
773727
834395

376249
847042
537355
973882
353222
412045
532780
757662
514042
507925


386788
617989
288946
696978
350721
151628

569988
975361

484258
128663
335279

604117
905616
501908
669693
537108
480415
878841
939905




917330
28845

150086
41538
496341
476913
368996
48075

27346
449281

911848

782099
515118

189647
968132

934092
291507
831257
713898
133664
65349
366949
940901
576891
171410
458123
249016
155599
873997
412156
927688
147657

508468
796750
751357

57073

434676

563802
694087
720084
310795

940925
890687
207422
279830
336377
372649
597279
185508
517231
497653
580100
314018

95854


750664
826591
940671
434387
814198
246651

893912
544888
952409

498891
879144
879184


481502

805000
194388
108080
322407
516449
186605
351015
293538
252019

876813


49404
480582
382200
394795
412150
637695
682026
339537
303697
446152
215429

455528
738040
206066

163197
255715
22775

562441

895422
119076

509730


538115
32722
203653
529457
793792
499164
625762

716145

454475
690390
585389
305830


281964

104510
328555

16305
405687
621104

414737
522630
943813

428550
15246

474390
328977
192214

380354
388998
778201
79121
805850

488713
973882


560188

696182
550188


532523
423104
895255
239163
988648
358056
811787
46845
490260
674218

365192

62536
355063
285450
56348
37137

169535
502227

46920
253836
442218
161564
209786
222108
212571
672089
938841
567625


393138

568715
979437
934534

27145
1190

40391
483598
306907
475378
272241
87044
290471

334930
821136



719358
568087
570062
882307
354665
919191
226098
275654
580824

854656

251555
716019
261373
932426
29661
908494

822074



362638
634964

751893

188371
538972
482528
555088
908879
720346
344088
850817

422194


458229
873404

723564
868770
862976


888621
977835
261915


607686
387612
894801
613779
434012
252998
939691
503519
47691
268609
883113
337253
480537
923045
320401

790737
681746
649639
250975

872708

221577

340537
437138


507179

984348

414228

952734
283081
615244
891809
940065
579626
490632


160524
756880
14766

708257
70001
495994
982390

547842
115776



13494

187083
230259

863897

333055

785779
304604
725865
589328
580497
290358

703961
780941

578428



559163
243395
288885
116309
644822
791357
243692






201478
191942
914304
421787
459651
253993
160883
86850

712303
951547

524366


290157
707178
57141
683081
265630
231105
799952
172964
413822
361088
675161


176983


531303

793863
785017
737465
398892

350942
726164
404503
570261

808731

537295
972176
56659
992401
7428
405195
783512
666942
433414
133883
253542
695264
601528

598402
67544


253725


241298
681231
484364
900485



876333
277918


932757
371019
824031
754463

589781


739391
356297

402853


898178
239339
708506

729560

472734
699773

59639



709791

350


686566
134802
258684
465453

404608
448799


559789
92317
160573
861448


475026
553565

671766
172067
234721


909629
497915
220813

243925
964467
684217

903190
40587
603152


570533
942662
560698
457921
631875

815483

76588
213840
702516
147853
603170
495964
548623
113499
637345

375980
910835
837752

179681

27374
909975
520853
184695
476930

342234

385304

740892
812538

271916
633812


85268
531218

403432

514546

997918

601953
493923
300477
658428
815970

837469
686452
406654
329163

141429
829960
486357

311792
918568
81055
457274
982341
239345
109820
292187
924476
335964
843220
184195
85183
239561
228875

249149
76749
601988
673732
275688
863898
251858
924449
148780
874750
791015
399601
855112
297135
822459
343881


691267

254481


591690
957953
115444


903780
193243


644992

995068

64399
141661
194616
112556
215738

111472
358281
499686
16398
489755
270402
490717

878386
288996
184443
503531
913109

251093
423110


948966

428970
104661
222259
476968
485731

625912
513681
337578
56233
53492
763833
502653
397050
869935
451207
838201
874785

636128
768055

939136
217891
880766

654523
133400

501660
757642
962561
766733
937998
155562
775086

100087

503195
501109
762963
479943
359868
500828
637911
670642
570740

321554
231561
297215


115315
719584
468684
198798
393737
720490
815622
2377
812652
317489

56464
780494
614163
946091
870324
929909

249277
916767
576440
98576

479953
322196
238793

510191
261344
53660

403629
148371
570283
550070
987453

536929
507612

704343
93976
55321
20618
166761
821477
805209
543280

153153
505422


485871


5304
938257


349013
83469
654468
922392
118370
901412
334365
656514
120371
102947
377452
787939
199879

573464
116005
279137


857415
954877

656829

326361
74925
340733
276280
48584



675894



895634
828959


89586

856737
528733
447658
455302
340780
542173
818216
433409
205288
844966
111177
662969
474428

848769
86987
521049
990818
510045
817197

175887


243846



854728
821869
340954

184912

941986
664718
864250
760931
370892
993236
351431


882020
102830
984404
760951
65723
993461

622639
209359
610103
130402
110600
810541
933446
928737
506797
790373
572716
331056
37614
435051
362499

37090
979331
549062


932381
520702

532111

963962
273995

33175

392944
333387
283910


636516
764108
457057
115584
983723

917718

319059

382417
875276


500554
277707
3099

991297
573324
865122
975146

33582
707095

512485
638422

41195
67040
527229

946484

867062
382836
787817
598995
711499


826807
31921
510993

333525
790833



129701
395682
578727
63610

531727

76516
244742

918047


94200
221205
159410
708892

360655
672831
538942
932832
528937
474221
910572



811762

744712

205540

456467
984070
57026

770855
874626
83668
709843
541380
807824

572940

560218
929874



708250
508644
638666
353787
353968
792612
214594
303

570192
657741
41661
778298

292922
318579


746115


141721
785627
302244
645824
951106

651761
804886

634558
559957
382011
786256
221416
892585
483322

261381


751923
435624
516490
97126
335827
960048
423803
461472

874544
204110
222224
99310
638459
874584

925347
717451




339594

265266
60728
729408

5530
552672


200508

131812
426604
724344
710869
256043
530243


934475
297941
838497
309310
867780




590626


875084
974256
658533

878385
157413

124569
709609

790734
367375
453782
958935
311864
158697
595732
3368
979871
112867

317803
302414
451270
231958
234280

627102
541348

167093
760681
133399

219609



237972

189440
363864
443297


176667

990322


233675
917817
378877
16127
418253

645547

578247
442935

831023


185871
455262
722552
172474

649402
222857
404011




867099
687178
759626
876128
370449
679268
823187



60021
7733

988790
319580
627876
687468
783587

773409
703136

232836
578814

615174
197282

116022
673819


502135
965740
494791

484731
695251
10322

622136
581214
87479
163176
828415
633371
69426
935763
788412

287888
694999
913985
247030
643907
217580
533501
756392
962304
194077

26094
31221
648276
309762

482950
704350

717163
705152
101490
776810
918026
602916

520919
492786
282626
840769
855647
755796
389098
391064
452164
862015

388208



169269
129814
836509
114754


806886
644961
118005
11094
818320
624261
764919
399482
960421
901921
557435


59379

373867


812055
313171
145673

329702
3016
854080
881413
685715
567155
485945
857209
607086
352381
672776
421255
576157

49875

161704
648594
81207

930593
60202

323603
160574
817988
514194
709509
160448
901253


289834
941756


390427
459940


795987
993036

838218
570706
201726
202692
262328
533043
854486
814049



72307

750764
622032
708564
270722
758979

679285


733969
268082
407157
730755
582085

941406

256722

659532


948628
357305
179853
113534
544102


195090




539824
144596

202336
779778
862594
972608
324035
86389
404396


227870
94123
67756

556784
433049
801282
76096

671422

475260
802104

289597


828997
467186
297949
488402
806471
654533
133496
973707

524847
703914
390531
461795
836165
1994
184263

107045
506902

153766
312715
704446
885575
800754

273323
649472
753385
520140
64637
346517


557071
314224
423888
609746
75094


309372
405413
533039


320058

110022
873543
446067

478737


956460




182479
889095
419701

692523
507191
988624

399444
381667
792706
696058
474470
248849
132428
738993


880380

479444

581044

419119
559486
612704
594074
903473
564865


849200

941220
513362
489873
921389
892656
327989
769900
908857
836918
202514
605861

833339
611427
998185

384492
164995

546098

818933
275936



510871
821993

643932
15465

541210
345310
943603


215619
859690
936309
30307

782229


917252
183544
215920
454537

157518
599080
389628


14600

101164
255550

800029
202234
974077

477201
869745
311030


943815
560401
972465
163428

21944
745277
731349
980145
669320



205412

593697
355543
388201

231488
253970
878888
291060
301969


385163

794081
459114
505060
301520
52535
159823
936080
261607


424053
746286
496045
643766
189364
918958
135497

452039
966504
709707
931743
394049
138859
985570
871758
961224

87084
511463
668639
25710
431494
806174
589566
276193
509081
202986

752528
667808
160228
485983

645148


869334
671962
826879

215701
843384
345112
225010
630950

281246
255759

631938
530604
124523
205303

496219
990059
640044
621714
939955

295247
629750
917178
463703

105457

319490



500394
472125
32020

140037

95130
682362
165201
48695
200715
575215
302601
915489
76806
325185

192661
772522


42544

502392
468945
415608
74520


26432
206762

468609
202897
263379
200318
323479
540780


304124


151475

481450
331027


108659
213803
128072
822207
870009
87187
480601
233168
339696
629521

793032
713367

3899

541746
51689
988164
478503

486167
526760
426485
442695
195601
115998
824355
781489
170430
162021

393768
160263
385405
650234
588760
784976
357902
742162
16191
635957
77651

113701


700267
69552
240117
418600


472746

229499
770021
895991
48415
805723
292971

309841


579808
332472
721063
304128

313388
359570
930403
570555
418500

735652
36499
777739
857828
270450
34390
162066
437538
529979
415257
967105
588342

922133
514602
17281

589995
781968
847672

163510

111436
861206

607785
817633
638527
927406
224187
947377

554126
34214




629024

705678


588245
832208
411435
117804
865040

393799
534972
555271
53025
70385

93983
921442



975440


218528
387632
252488
154466
494673
628812

72070
570125

718657
333600
490315
382992

954123
149883

18819
603340
32734
29466
153507


263793
930443
89013


877789
457199
360031
623998
656901

791838
711113
167989
977487

347282

184538

817877
407745
77954


200982
247021
224427

55491
161443

988683
116525
521038

311284
285280
811717
215018




852724

982576
755864
346053
34027
531736

600729
108082

713653
504776

10127
358438
897753
524031

818656
134454
277878
79544
476336

714969
795870
732060
178909
199750
858120
506115

307636


361653


604395
234782
849092
429293
522638
576548

69421
556231
245434

180408
71540
478990
401729

90669
809577
964221

925539
894392
319382
960862
876096


410516
138476
420700
845661
443355
484912
417215
431251
421873

379819

601520


773320
825711


309625



731734
919520
74725
224498
211074
366406
447195

128622
807613
501257
269621
513640
245597
780303

262562

973893
157243
63014
147282
117404

115899
604485
702121
402523
471169

160525

879349
774691
752911
645677

242576
728123
702175

611717
235226

644765

890036
224691
168381



659542
904962
746651
793825
275756

685760


639614
369131



557706
825698
687904
570331
746041
87477
971327

869403
213011


354488
878733

205034
878316
11050
573962
577314
943095


178193

339043
718905
128742
358537
657062
913061
625023

755572
479747



291200
383799


645167
88550
65936
400571
504321
65062

466078
491639

528235
906808
380941
85408

587599
261994
709779
767581
664421

421886

937280
605965
352470


408429
134056
929110



777919
564633
430464
163949
450312

607002
619841
886362
145317
88717
725567
125359

459962
683118


763832
273792

353937

288024
959445
175891
163881
635286
425467
748294
404909


420449

270134
265455
750870
158979
893235
484406

158804
495346
78412
329433
342859

975760
114190
36333
697514
814791
602838
507666


909547

728002

293558
669179
782890

758055

850940

308332
799227
593904
596332
616673
501902
750985
724142
813679



997810
880942

501769


286280
50274
806478
320248
191963
688120
996281
813916
780625
298027


834513
951322

177849
879002
126926

583317



447385

646103
543797
410956


421992
660745

953423
407410

275613
719848
337839
802765
40428
319372

462169
291873

906641
312945
368003
741066

468764

996029
621498

270090

819160
264481

291411

988739
540259

914081
805450
554039
993317

882077
514449
971563


893464

301736


951150
65572

160076
623305

972139

984678
485644
787217

431717


800323

865724
548186
701878
340614
562038

440662

781448

683444
517699
394620
367438

800073
641250
16414

284334

763781
81179
976275
724507
486053
644758
340031
609539
78439
116669
244895
456827
684439
50954
141319
218696
800713
191460

456884
831095

502581
637204
775320
327235
395619

458155
453463

5554
875481
917299
175976
32230
30546
176244

398828

875600
466889
390271
351062
701522
5866
759206

334060
558106


238349

397136
488681
638295
828324
54197
784500
492391

326403
565171
764057

395237
628388
791514
863807

492227
634883
990747
138250
75525

993579

791034

616654

322709
720559


773207
784946

673404

51537



48922
86773
124330
240911
391859
990308
876335

31915
379798
454861

221299
784614
753854
61940
807309

530274
540024


861757

531834
270177
588141
8083
841724
226182

862990
548303
201257

651152
644763
320301
968384


759947

106039
686174
17853
953605
51986
915743
192355
102444
508556


571646

229623
740108
952322
337202
206466
387688
45396

50496
617381
532013
56768

14459
348157
257455
111721
281748

636819
804516


760041
520128

312290
431351
93662
152352
995376
762597
934990
86961

785603
569567
820482
311092
174350
185377
282615
211594
813730
561658
104655





328067

507367
689177
737134
364527
927760
688660
369598
722995

173999
557724
515863

855457



623314
752803
449070
73526
566131

867172
490159
732194
453264


748929
860553

872548
15353




277457
772030


84949


47491
519486
333638
419707
625960
899501
730235
858573

383070
622957
448402
777200
860212
889265
342480

482311
772598

66523

226756

595267
397928
761886

87865
915813
576143

64042
189200
713738
597596
877784
380624
250267
276576
191230

763028

372725
88865
244940
560462


651948
454376
654255
557184
449410
782152
244793
18769
647313
14755


516182

409800
254526
208762
996647

715004

459639
620927
173757
226533
311162
185954
454804
104204

343052
592177
698396
597828


27102
377593

604596
927696

953859

318330
430280

635646
314505

819802

647560
951960
861230


354625



119499


418601


659691
186594

855032

943307
24988
762730
319935
883346



806323

59174
939804

635214
792727
470096


308234
170508
823827

666933
384347
418213

159389
929499
531992
201486

755160

340073
419596
428453

53689
405494
609852


347294
209485
941491
871563

919445
789465
232917
779272
859032
29116
20831
722133
99152
760156

590572

966463


13023

182155
2561


446323
111859
894787

580213
466726
781597
317642
410143
925480

214882
166168

600087
539981
746807
314426



965044
107344

244066


28954

631815
825216

585864

934404
842553
272606

377327
939650
326109


213924
854825
550622
680165
11266
635708
168443
498325
799049

75442
424272
982304

661100
111299
815686



780223
452194
626136
298614
998842
998042

628848

675966
284493

937409

134056

422936
704258
419366


54834

389661
763051

480028



4726
420592
95151
595169


550954
852418
654458
664950
671825
218289
612369

880610
718794

115952
28321
645082
460479
630129

356588

628330
47320
272125
537116
58549
255348
133677
580553
734575
490463
830824

901551
967916



68824
392598
866267

660829
353157
820858
465857
461444
765400
310117
564719
500430
509733
877149
840691
94367
40114
284050
982217
297926
661115
469276
723397
758506

699274


725660
994106
65841




742000
787393
856817
28404
101598
850507

754429
645748

318470

47604
59003
871992
742647

151299
954112

276674
999375

387755

860390
499668


28877
986710
950663
930196


491499
434617


217517

66513
132634
179796

217933
412811
916441

634646

413006

205184

904289



939357
713233

221830
193922




457110
416185

118817



836657
389183

469448

889178
31820
501203
732277
702407
53470

705448

692861

398526
692203
321905
790696
661991
11098
321030

4426
185683

941015


274226
376361

321518


834436
257317

950920
446761
514428
237693

864126
867011
398977
543177
247717
399756


398584

859876
401242

377556
200949

902415
740771
621472
17064
496742
377649
34713

434122
407018

386881

254605
368745
728356

365241

970133
510343
20331
765486


289328

436148
832441
692149
236840
250324
921350
815442
484527

536236

763330

70573

326690
342245
855347
782544
777156
991608

322646
241496
248074
302087

534275

483052


631971
54120
169937


256384

68409
858336
825657
194428

91038
960527
193663
614568

724280


75459
786677


78029




127262


304785
95152
987146
476123
943132
985434


559742
385777
633450
107256
931518
487432
993214
131210

20133
264655
549349
474915
73729
501564
997740
224915

814557
588893
392333


865804

408665
533179
26323
590453

231041


150282
302760
651435
43269

220830
529988
752092
633519
458872

284683


261738
585520
1973

747924
286597

29237
967804

21510
369129
925432
388604




136812
355318
254687
629294
606155
980802
491213

352215
989965
448085

368732
605992
114468
399235

621095
40924
331072




717484

318858

337859
612456
797970
262939

747211
724790
186076
156697
874296
844173

566292

239130


909371
540419
109329


28704



309013
651420
784210

541502
567810
871625
517708
900471
392083

36058

540443

94536
724943

658734
481474
161099
58258
713221
516337


105342

839789
879565
318220
633873




778193

869454
581575


309335
875138
543835
597493

932925

118583
126921
561370
700873
487661
139343

891296
391206
293909
979436
657226
142361
96188
481814
771460


344085
9444

32460

338820
621953

660505
151680
392045

253890


244824
259800
102008
815949
761929

223738

883820

438054

274271
150411
132428





754130
654001
851191
645829
404729



542098
978978
444933
650664
201020
516539
611811
269580
57917
970934


373764
757318
288605
360835
756610
9506
543954
363605
202659
821118
856967
519614
148994
166773
632427
703951
828922
27242
594205
451164
675941
312095
600334
875807
261737


117765
676040
519376

487258

947528

687072

819532
987382
90381
803372
761623
504794
701088


669525

560899
53913
228973

362777
720755

704940

973539
922688

551964
99492
680903
901253
206085

783579

249989

107455
587752
87830
819699
537937
234488
822306

285632

105531

93759

55642
448908
492014


26823
510089
167757
849409

820549
920694
137616
43333
281975
631622
232728

894752
932754
665834
283534
721214
748416

770740


163296

694359
908176

633829
114051

398771
621072
649036

875944
720292

455879


684955
611114
423728
891258



295031
532168
933289
430945
326056
423380

50290

144708
496127

589352
718096

957662

141359
655726

261973


118776
349579
43919
875023
483357

299092

400515
271293

54798

196546
203283
81302
907930
369882
321795
248236
558185


1760
172427
580550
244319

430834
253782
512538
134641
373524

731683
459841


524068

331896

607462
68943
47526
81748
624711


914625
577987
918583
433454
302998
651569

339816
398860
377739
261320
274490
140729
852017
122217
502954
13519

896886
250758

189038

617227

977589
539199
298750

609362


184232
664144
627259
327984
835983
296147
867660
616362
463760
363713
15867


720142

896577
417499


158258
33169
957425
324407
516647
953617
839330

814169
33777


599403
690311
364
937463
797068



995791
390160
90245

19690

38814
542004
866128
550400
155889

74340

690594

164761

246961
366266
832204
338164

791445
981708
373331
643327

758664

781443
143399
684059
261287
246456
127194
26957

282912
960963
943015
111985
521501
683706
67339
198364
229361
572462


650268
423537
415434
907056

503094
606473
758235
430309

412625

136853
49090

784200


269674
784268
939648
84585




373541
966953
882061
569662



999388
425005

928391
342356
66181
11472

955074

898932
923836

52394
51116
228848
795189
34620
966231


75515
786000
817259

276541


858674
950143
709902
727376
461890
21632
919450


870277

82759
169955

895043

864629
356719
493710
12261
209658



248352
484562

37972
220139
642625
432570
561237


798626
408004
124678
468813
314452

200048
765644
348267
229627

963349
740489

145413
703320
359078

73751
146464
325964

537598
186085

629192
869292
988189
921824
911975
37970
607082
623451
269511

736448
558631


164059
319634
50732

396769

33219
578098
345121

221924
110293
838260
244193
121933

421040
870362
911015

649048
786068

474659

7348
521181
609462
788431
592761
500700

572299
458510




83882
652193
820541
666158
160869
770014
779964
945980
653410
893413
233489

899219
294945
977117
542098
161481

405051
544741
128926
871010

166464
568395
469962
715608
486445

408237

694850

624533
198674
375455
171269
670455
482549



556498
253090
32645
131185
766929
243076
863317
628263
996610
841488

740138

479456
144610
809049
947036


563721

504618
403079
27936
700735
791502


817462
589323
700580

66176
833786

994917

393605
913413
797769

320171
397147
305688

891422
646784
35555
568073
546301
832454

740779
732218

324062
161088
704828
556802
499921

605166

531994

295776
184905
287415

202637
693455
104957

349134
101092
359456

461257



646718
368930
621281
520100


968656
787937

923484
964163
63529

302686
298660
676325
834193
851953
787504
433632
175000
905430
782268

113088
821302
39219
780560
628460
27663

22974
200148


908906

490802
761984

900150
314337
728849
861255
723815

461501
455711
582325
867173

101496
408747


241661
637785
589109
41721
750165

218467
175692

751011

480301

241019

937914
94752
457657
66848


221148

817660
638041
453704

467427
435177

995427
719037
576814
254260
444144
362994

850816
280125

523656
510898
304104

159818

216033
920632
83108
942364
435753
895195
703925

898415

630615
233353





39543

752432
267293


861323
909802
832760


230275
298986
872773
603271


110125
234825
252088
763071
491372

609505


93381
250020
167072
839

532944
163724
774526



396792
107206

728841
468643
432295

389851
544997
688094
775081

866094
576728
418100
693679
516835


