487064
632356
862685
213259
545703
329875

377169
182731
579174
365485
364781
74697

773136

745841

851864


241847
151079
419198

419682
870582
376597
713024
1336
891527
810119

303350
841297
235366
908777
27404
981486
160071

663741


92521
535341
287059
575561
481117


240016




643878


192694
647743
134114
931733


178851



932632
207259
548198
965130
191295


671358


319287
418821


271415
948046
131122
471542
297686
417170

725372
870681


609315

745040
306777

229305
217117
594436
81202


135978
329172

114154


497131

955733

178464
323016
161435

575443
530408

2185
612452
956401
671233
890702
587498
307911

385667
626200
31809

852573

786723
626387
571189
288244
396750
259559
632926

533857
454979

744456
365516
269851


630962
574367
855504
564494
181878
772


292717
722949
334478
308816
944976
357204


539934
961645
284503

188356
128193

458527



267091
776511
400952
829623
622710
77687
60063
557320
682760
474989

724861
646284
697921
803296

930892

280019

897652
315260

608488
815737


825161
290112



265923
259082
529873

220721



563482
527435

407953
981004
440981
799615

405636
157720
130813

335818
958001
381279

614857
473076
25494

672875

837578

960155

401645
978930
970548
946465


924521
900486
551831
228900



394235
880194
680028
448545



847328
331241
42481
995146
289468
391304
812468

302050
864517
719409
681102
284295
146163
135876
564202
200979
491426

341403
173098


246029
135076
144255


128338
594101

558294

96500
141180
487103
18622
798935
270487
738108
297767

844837

207431
881375

584554

481230
890491
583340
85023
229059
246516
345020
987134
41760


594203

578812

108526

299030
218620

183837

54415

349019
994767
323027

685018
904768

461499
622747
948766
942773




910823

511097
911388
46577
399661


10447
861510
560542
424413
931092
576870
528431
61338
464572

58600
140831
482172
640471
479929




776072
668970
325490
546050
923583
944695

190250

422643


918885



718266
895302
151245
659870

712024

654666
648493
123822
153961
358642
119517
283152
534718
652036

330708
103467
681485
788601
512319
338025

250930
321243
720563

989445
599037
789251
272506

888560
77104
510036


149961
332022

909894



903721
366049
19375

81970
107023
264425
153832
468323
942776

180520
924104
946456

815673

477221

753020
71058



505632
755212
262190

475117
197820
261003
770026


326644
381431
901586
67677


741519
148796
351212
62314

538959

815210


705957
444726
448349

112930

458315

459510

801887
976727
91867
140938
301781
678415

203807
896905
912954

619880
515773


578180


39638
763084
825448
839706
642794


726195
135394
966606
503727
836457

124915
266066
579331
923681
832289
881929
647528
35381
830409
212075
400630
610294

581673
573639
98465
669328

267617

639611
902019
503032
295495

322342
440596
757851
328787
153923
69607

153141
457228
292510

229191


785587

962806
828659
149275

456578
301197
798877
348498

318003

556722

265878




389045
79435
742314
16307
831210

618915
348618
307034


766843


443967
471019
532350
47506
178778
548182

674542
713489
354799

898478
917963
441692

999867
366739

626899

292534

522216
444960
554451
298868


296961
78919
671200


783046
245464
126393
252523
873348
82622
489951
547945
908016
397220
641136


625679

582260
210262
146535
852704

462361
39081

36748
108020

331510
735077
531871
227513

636505
424148
611218

155119
738659

474011


943131
554069
148267
979241
6498
659244


885323
823658
700429


511356
569734

435631
549620

836373
330381
532962
834071
754062
273988
720001

331160
243686
46814
267442

463636
29372
729289
891975


151147

105386
686353
926097
422683

455260

982449
765455
479419

687603

797853

681526
521713
891874
164907

222434
194524
243855
217439

940409


529994
928729

480441

702161

41542
616167
853810
881870
119801
734884



594785
186379

37856
318040
164571

172934

717152

676120
220621

512286
284881
682512
988940
79426
509755
852770
710299
9475


709330



456726
221810
492834
203375
885335

709816
638247
849418
740017
677477
352745
240516
725319
989959


406546

419935


743797


745724
674259

483994
661832

361640
479832
990957

156064
485516
659148
981757
495954
954456
692342





740097
283176
886418
732532
487029

725464
493928
976705
555624
871719
895668
728024
221487

358853
824974
620929
364891
825294


746351


508595
190262
81785
677638
603952
421902
275158
85946
603258

812622
343949
698689
94485

723213
36340
980019


834739
838266
213154

962
380882
62507


821611
945082
602138
236194

685203

339762
325206
278943


507124
57163
369807
758160
300168

734398
670473
952422
91018

808134
974866
693455
41590
227267
415962
674302


967008
833989
381200
874515

433227
680419
973559



461524
179980





71430



61745

805585
794882
737405


201706
864292
68807
585159
128048
283762
738606
498725
687775
714658

162797

450836
709536
52052
931687

772728
370326
372600
483109
918809
834971
868723
109195



842855
559211

538905
336266
209375
134924
901713

59617
494331
948352
150540
467950
867713

748850

207818
616676
604763
698008
430526
575272
819488
156628

649827
65955

46089
113623
443743

500465
124430
718589
519057


199128

290699
415565
995415
963146
632829
147540
536859
599530
193793
679561
589910
460514

703740
77336
820826
861208
750241

970628

365266
486572
975049

97811
682276
552878

748122


625434
813766
234299
483144
359721
663559
409185


263274
592515
848478

58322
974040
839667
659485


542715
455080
891029
969497
932927
748016

492166
434469
524417
376783
759011


662597
570360
348294



70020

482293
980812

89880
778588
70085

281502
398405
513168

682146


337529
831994
465154
183326
664856
336105
889523

518268
706328
906149
313275
591432
437545

82368
487568

669289
3997
215138
505869
501457

634273


889794
963392
938869
349987


700264
326389

877544


703468

203196

917682
71573
689221

99012

913755

284750
134335

712154
379339
852554
652153
610097
856348
647900

709933

79092
150867
826490
796118
829665
71814
612766
262561
730705
104689
358026
305569

895803
339124
652321

665637
684280

742110
980011
854014
702780
831599
276114

542869
343399
250047
265937

19821
489728
958864

947532
235649
725078

437372
616608
972941
593055
625996
954458

839939
825328

89138
572114
710974
926162
547312
720058

278705
426237

480880


722690
15790
937387
282033

770325
188971
150631
827242
551846

967865
460908
436738
374758

234244
990309
954756
507937
890765
372329

226786
123067
479117
329440
446629
620150

853826
975071

295435
321973
655849
557405
300221

882657
820222
678952
857448

740938

198321


685073
772519
767642
33771

919645
264040
18853
263645

697163
309402
524047
806273
360140
984693
487498
504611
681261
569699
173229
995608
853762
333986
661764
138351
198794
352482
424141

43162
443305
541694
805557
336050
712525

410912


94125
497870
182828
994519


350711
615149
729632
146957

102440
138794
80680


341346


785458


331134
63413
107988
910111
222560
858780
841517
317137
47148



430941
772372

147481
260379
970817
678298
39669


774331
771772

412967
129341
455906
254620
114465
24442
903461
207940

970573
5144
234954

463623
272635

258631
555197
188062
565795


406583

847476
660627
988642
200441
959798
749366

742219
922814

942411
838111


781884
68346
698402
658865
340360

342532


411292
661079
55079

44501

588264
229434
22294
317691

383822
43332
175737
668279
826699
660147
322221

134949
284590

340486
881427
747449
20152
882846
726727
95052
410196
752828

118466
656300
429857

86020
172308
13012
583084
268882

673869
989453
29883
763
48866
233108
957391

86943
114073
395091
133574
495615
977897
605754
804569
945228
614294
869678

391958


865242
549744
344597
928206
352397

812505
399562
330767
85368
987164
811747
270906


890700
642893
863858
993345
903783
589080
499673
987778
959049
525700

290641
165234
465489


822493

298015
26486


397038


406388
794911
124234

446177
698451
294948
637729
780919

709625

298043
240752
841185
860141
512659
827761

464208
878711
36904
918796
654956


798462
42141
193122

932432
485908
746973
674250
678280

274361
141772
327541
820706

320622
453265

972287
965121

769790

673330
620393
622289
778240

530205
821317
683358
338256
491844
902338
643765
803541
852109
728983
629226

126861

133840
271347
288075
203535
185557
628581

731976
154409
468021
153114
22917
831046



456900
69081
316089
355568
261515
434990
467110
611557
108124

202191

89130
936292
925981
168118
591396
157678
996190
226329
429747
891230


487472
108193
688904

870467

903490

870085
836996
394657
959537
961805
644220
645312
650127
659315

737233

438335
635436
368927
284611

289437

25711
404118
298514
872349
884421


586058
225632
108742
489145
259721
561572

336695
284461
595967


66764
494908
435771

838964

996672

775009
602508


943649

95023
616418
482467
851031
743862


52291

350463

592641
449749
163324
330847
514380
268253
463411
633937
552372
807533

145974
709309
862566

113042
413633
640028
336963
301602
53675
251135

229397



220296

513490
577818

7745
162831

320681


916291

595056
454284

612168

34426
948189

867227

596776
38235
102174
947639
302142
260585
367224
642926
327303

113844
241764
502628
375357
997522
222454
617439

741449
23149

261461

337288
957263

861989
463472

93028
375374

947787
588813
516419
17044




639537
244883
619333
851325
552087
275401
629541

913861
399636
870139
784875
107704
750795
28960
18346
584301
667619
123705
430613
541064
354221
239678
617438
723596


506598
726933
881756
112941

702920
237814
156122
335177
890141
839968

452512

818855

66069
182103
916357

60776
485578
179020
363137
724452
89592

530309
163784
614857
207702


493037
658350
902500
705899
506835
257939
467961
992436

609938
320513
756032
785007
240270
219537
508002
744421
91712

722938
513750
804896
845775
447541
85910
550008
213721
494228
819293
165976
700456
843148
263880
222503
57060
803217
665681
374519
305390
632870
352356
886807

57975
252793
136488
86813

769313
232593
859065
629656
950805
180301
496512
426002
47238
188311
916710
308643
122522
861919

97270
361687
352601
751449

483151
1992
953168


25117

325372

611249
855595

924440
38942


736551

653059
186406

252419

805514
964515

28232
442296
235890
868076
222244

731336

913671
827933
277519
629092
354075
205771
47984
85162
51559
734589
215542
363333
978678
255498
537588


321097
726055


291910


763130

864366
829049
573632
905431
691511



196920
162865
76587
788967
40181
792188
700582


261241

941373
355937
596451
582121

532133
754116
759514
598289
834813



820442
181781
622628
489396

141103
915913
717518
685877



531023
893741
418901

222293

781087
776661
593568

952136
953888
141841
666991
860309

294440
774040

117026
723353
494161
225015
763618
787828

483153
155259

735138
854028
689942
646968
163252

277112
724071
620827

772740



123655

151363

33218

4367



989739
532442
389357


153157

204855


967390

281279
396285
337858
634100
44405
949823

385969
894069
78460
321518
371993
842322
662076
940334
314720
227140

386434



792994
243187
597449
303455

322099
927159
307030
756153
393142
362895

373062
374167
6473
676184
947881
477797



968272

432505

932252

315419
741529
456254

224641
289525
530150
161809
932238
644307
750344

823628
651406
639780
270569
971345


816809

660095


200302
834079
21832

677648
963777
402118
135951
648844
326923
374555
166389
817239
267377

184792
714319
375938
790925
657162
132456
300438


651820
918940

866029

102767
814323
546966
801061
130473
784029
951335
20501
483694
583706
441905
936599
344176
709177

47952
477796
487595
350419

444930
962753

62852


878558
293710
366423
628721
176264
486077
163805
36865
188900
289222
747965
363638
873596
29212

150316
86532
475213
493006
19823

711143


875101

586478
254081
23984


332991
607220
70446

541254

229183

366293
737425
960528
596058


536007
305079


350304
127866
568641


900678
173436
768112
409153
963404
341818
760264
394706
246277

104336







238808
615754

265594
771378

879601
726974
629505

997812

344157
938658
261537
46907
616557

351991
307172
351827

992523
604707

822943
18071
716175
474063

854036
153060

965080

507723
281861

63319
932724
810678
313539

875709


974319
531772
112756


319769
591465
982863



79762
253948
369137
478955
38092
525893
952701
253015
608714
198929
991449

117224
450362
777651
676161
151527

75762
714582
168726

572615
123151


777981
396450
932941
280547

961508
782509

192067

637581
756732
644911

999865
449866
855326
207177
7021

710132
28934
504305
701782
714927
708744

259172


998005
621934
300979
988111

458312
410499
870581
613073
216561
911649

527449

455400
294558
174466
974736
794937
443826

345126
999797
395426
410207
885737


397222
936870
408489
980058
449776
988711
768715

246571
808718
828633
601585


857016
953669

265359

523626


600153


430015

617075

49584
735703



114617
190047


31737
619901
833764

774775
60929
850310


830659
264153
267362
774484
594846
957993
504974
979947
532443
322116
460688
257904
483276

959342
630394


510887
731545

817412
803612
372353
35952
977265
948701
627293

181358
21728
342503
405824

51626

296180
93814

288880
824853
513452
902809
622255
706948


70530
226745
584347
351682
411729
593833


231391
830157
7819


886829
250052
243700

68503

542141
342043
212034
322121
921533
213639


280644
599580
895185
738211
430484

480417
989702
196110


21772
908235
350239
78049


123071
189409

540612

119793


525123
238024

774590
489931

627600
965087
909248
685955

23624
894279
294761
61756

438132

665844
152201
93353
706616
808210
324983


995847
185115
114150
80625

475497
707084

418166
73495

939544

692302

775985


622445
887863
516550



585530
777328
992034




943687
577071

348694
658862
869950
279399
835166
19819
407297
161523

697378
709314
840482

49348


386600


645688
28186

616019
67849
180347
376031

902054

450260
39702
630947
788127
428943
201970
943103
4940
585109

47142
351870

538183
880666
792533
65458

556371




443152
800742
724962
9334
149351
398585

46078
69782
879

534076

78865
162339
16881
820054
183253

142294
222345
236961
470845
267064

166219

186670

431820
319311
547953
952360
233697

90247

293363
697143


40778
528511


571429
47853
729881
605570
652233
637930
763267
339645
865405
956814

369023

57200

643347

747622

419702
336606

675014
782865



153607
146445


889061


118224
485458

785338
109724
29426

71864
956275
419108
766465

81089
172750

667374


900652
191296
40464

682852
751461
226701
513727



410813
390102


845125
672037



19895
615828
774087

971878
554062

358038
201033

191790

945028
976373
462433
94942
793215
271754
709235

667369

17548
816935
493287
243808


115774
30810
941028
627274


602954
396157
111334
353940


35328





26256

416097
202599
831954
248153
299863
347597
594735
102174
406667
840942
627732

133029
440559
446353
138365
698603
114387
766943
200121


185390

501516
344520
98277
21177
664308

136211
532826
320452
43653
115301
898928
596289
112780
507351
974446
924270
468709
355248
655965

199597
305583
112356
318726


472082
129636
269794
231772
543891

770426
905961
666705

160982
420779
700069
370162
810315
462633
837566
245960
264267

589322
927861

42769
866920
299750
309056
851141

907506
645188
966180


906407
275718
192254
728295
17465
594459
71855
30378
238176
431783
222211
623198
625041
297181
439462
305686
862781
446679
117759



964323
512520

315861
937301
126540
793376

967399

968509
720077

968133
137429
111963
696108


609537
647825

84550
206995
326618
228837
168063
581730
223215

696791
892909
576003
531224


140043
24692
886857
349448
16425

154033


7538


639658

920813
67589
351939

467010
430667

375327
119520
205245
992878
598198
274139
466575


180980
145710
874561
394256
100235
330909

191666
206418



915397

433683
677096

388273
607893
551231
552384
917183
508419

522009


203776
836951
519154
899997

537379
254708


160962
660845
624758


34469
985036
119779
205248
198005
655837

991092
145953
182907
578427
658684
914379
179129
662112
527986
268016
574013

807799
957817
458839
106431
734406
319196
361926
133661
825310
325658
961960


714370

273825

706774

832300
743016
39986
413913
408249
484553

993355
463253


636418
244204
575533
472765
927117
208185
731414
735544

318799
737942
187569
764473
690155
510811
485683
76352

855578
964731
61213
97560


659265

679904

477108

530060


598091
201091

946202
794432

286719
627646

36467
887365
238092

349135
700428
58264
168215



228179

627086


793533

825959

910467
176577

774108


553500

851495
159689
231571
87172

10764
35651
858046

197931
29269
17202



70944
930996
186555
610464

195525
343058
392383
21023
328512

361865
557238

34748
318551
586190

742830

730360


272263
614997
517196
895077

998820
354847


500330
489901
859847
566283
686892
588599
641403
450754
314813


864830
312177
176705


251220
499634
503907

767789
709163

467508

384307

478264




599037

260689
189612
782668
503410

212516
398066

195479
473830



536664
525587
881229
525580

925817
746859
848750
953803
976686
763626

227006
56030
282853
401978
721354
432987




340272
708332
535516

544785

178580
667000
117245
279454
548784

439211
483759



580729
787948
124128
445737

766467
823564
505098
588317
532204
66234
624140

566290
558787
317135



174534
571358

181864

790083

580633

229296

148146


33413
821447
66559

933379

226516
97409

706864
218059
712078

869688

522347
94306
175309
388141

673899

143993
412466
496455
737036
455338
377890
666007
57559
179318
634515

161591
757070
823643
403651
614807
14953

166821
891875
609716
181636
463664
40448

637445


246544
808670
13581
814871
311957
237837

848206
288433
741715
70281
862900
778836
314775
294239
734447


345508
52480
515494



343801

955436
275995


2495

700413
876177
867318
345775
168613

127777
280136

525195
27531
245482

910344
465775
740142
588855

728739

938538
5700

721105
437785
652561


846925

721499

176325

561514
437393
55929
132582
179299
542929

328495
269518
122442
826650
163994
735398
444317
536860

999213
378393
741872
908450
677733
172048


730116

302302
170762
394900
499697
949186
863393

70118
306027
686029
285843
451900
938903

919285
880992
252011
646367

245994
263700

814210
95165
545676
729647

350772
187099
289624

507947
491576

990106
422917

621110

354329
479616

620129
819049

602124
977592
952092


498582



532009
377353

208371
460260
939982
102820





278026
393072
953724
427669
743526


571034
344335
648281


899508
410050
158008
307843


820984
803359
78994
911840

328423
987005
861485
916608


842108
458873
334008


883036
91000
257501
589484
328502
128245

211352
590832
336853


67178
499073

281238
310840
231024

141458

295532
190234
489352
473680
27954


646400
926255

856914


100455
251135

135002
641936
810628
227521
642646

578552
56793

181528


415510
256243

455043
317100

568056


461504

911710
490251

654383

439077
223359
330563
498347
928606
807741

463203
980796
733054
687802

335492
758701
540970
428055

915409
270581

724169
601781
449823


21323
95822
476285
395200
477106

490835
440137
784730
791929

851480
196279
31801


317256



640086
333505
395714
681040
316975
206027
503799
580321
865157



183117
256018
472727




108813
415700

725938
763374
731815
16773

394963
194102
689289

717952
853278
803127
848708
580505
581354

524758


807266


916385
976689




746344
280503
639021

868544
165459
454930
427889

80960
867417
57129
835574
290727
463956
594159
758578

37742
501087
168346
201922
684203
660140


813504


619063
92799
677910
833824
513418
498182
970069

879212
123979


939486
663763
295734
12279

590515
786475

918515



549659

772993
293559
497865
507772
541707
900894
714587
863416
792758
116528
370951

633055
328160

580217
107364

205023
953220
725583
631887


837012

84743
839729
472173
378619
29959

589689
208962
141146
624695

695730
274049

28588
946873

953790

22432
746644
657055
179827

65953
380116
358406

302886
345136




298238
458085
125772
801360



85227
576942
120889
362891
507111

980503
579003
147985

418485
143431
42290
948329
4001
464702
192239
340695




640307


438481
324122

519660

653099

930587
687126
521635
336040
427959

165249
41034
534649
867684

101952



195693
964644
962041

806009
422818

694838
653618
323080
126163
897124
290579
284466

342488
465236
120529
770123
730811

529244


454993
142122
906382
417144

175686
605587

827941

797246
662825
685395
776762
917775
409524
19553

267799
645598


217291
576699
974246
358026

966936

955851
791531
811411


652942


641919
130379
729714
432871
896569
119573
403255
301267

470499

883651
381988
832362

963865
674728
843017
225416

817647
226305

384390

825278

444447
695570
294637

114070
402081
932475

915371
530361
161931
306211
171158
336758
940334

976909
141276



178732
743827
208382
384225
359142
170862

670742
206061

991819


604076
289058


903303

923573
387839
561783
226338
74400


243879
135822

338920
831657
448062

260026
762057
727986

104855

724074

87038
39509
182900
39708
679745
825742
202433
251428
203305
343699
854479
268289

364819
950383
754797
982423


347400
928395
567149
166951

839527
546450


83305
465603


930835
378406
517140


762507
346160
267230
728434

794937
27194
876006
66265
987728

32928


208542

933471
128644

81721
26596
710617


560364
223188
310805
363062
231641
927611
714876

525887
397302
398881

806762

643051
395796


426425
384510
365290

356108

781873
868155
571469
106928
857002



466275
645286
305518
503397
202604

730358

246287
169813
654997
26749
900594
899131

494088


86514
459733
950356
991799
417231
588416
104133
300287
284826
165613
117929

119022
941600
764974
547143

541323


857992
129480
89151
959836
112662
341158

107905
734830


839193
950517
129611
698433
678396
463269
53347



179621
31474

249316
109757

619712
32442
718839
18372
525488
706264


203408
87183
731773


203351
552479
797672

23797

811312
363021
858633

859482
57850
336922
103983
664189



102534
545362
683190
542353
772936
775156
904892


401661
318101
157084

781214
165390
898245



411879
760501
243113

711295
835191
240294

713419
293197
868086
339578
769075
436903
461250
777845
647064
14711
72526
623218
531368
206443
96127
330230
64622

882914
969884
734818
472190
649514
481176

943974
801330
642352
77048
198992
725349

836591
608751

485466


539903
202636
271474
245527
386177
659263
42149
692116
647725


386776


813860
966632
100752

661259

253727
904076
233696



110479
828627

902755
871929

771982
749947

578875
468194
370916

772215
316401

679441
439074
549114
657473

599753


425142
807954
606512
494209
336129
909012

101144
87450
877466
868109


387907

649427


358154
665017
25325
843704

761598
527225
27112








84787

178101

145579
655967
204332
636768
469977
283763
889273
169000

523555
145907
118292



506736


111335

456848
978133
125050
909838
836631
926725
918257
992130
838456
771284

553920

929448

637816
391279



808596
489798
173344

414833


645778

84199
251874

824691
929096

483374
442151
842216

92146
883043



244146
707455
692773

17113
871112
298024


82679
380793


986129



695680

987304
501820


106005
467402
564783

734765

606436
846905
489479

723712
33963
600478
887541

592609

761993
113455

62936
108864
488195
943362
54980
218810

419591
807571
781961
368143
554
463606
490295
396892
634249

253279
538292
979263
26012
47693

680815
31958
128992

404525
843325
561557
312064
997021
30817
265552
612503
244033
693323


155251
649658
219409
568774
127944

702347
841752
864076
106681
308004
989886
151737
846253
424980
743007
448996

49620

795296
250676

888220
936538
563990
140365
600773
460026
604722
784384
918789
99492


700580
776447





391870
940936

635192
671821
38614
469920
944547

300553

245496
259311
860401
885024
704836
362762
468473
138346



546771


12725
643947
688815
740687
192760
49966

585420
464006



409740

253144
325609
590971


356497
912040


769862
578133
534310
205333
673619

196968
22142
227596
664404
258563

365002
145758

595702
174532
437477
256193

938453
851579
491875

65031
243257
855152
798483
146890
854428
825468
614996
290816
54547
913731
308855

57678
321189

724740
344936

101649
623402
471158
968764
368428
943355

246908

935625
309778

173996
121224
762697

607825
76636
848750

143925

46427
557074


999675
753626
886351
829635
936077
735920
171849
87640
208375
259637

979978
638717

726670

720185
732631
31606
746930






461417

518291

620775
74126
626326
402402
757495

573838
30012
691508

508438
198476
28284
631029

164834
105322
974549
742730

799021
958042
743664


496223
350002
824374

284044
270360
485407


629033

667174
461357
559045
98069
683159
840208

34911
19788
131693
651042

125855
83308


164793
117268
228939
740435
839837
242621
506490
96716
776216


695569
93367
469123

999869
883139

468786
483115
157925
968310
755109

4559
722931
445798
940928

905219
863774
638748
464161
915142
63141
206266
872390
348754
467709
439000
839629
24101
49729
359214
950595

609761
818370
462624
932054
121472
308120
897849




614680

558730
994802
148746

207407
373597
819535
472308
272532
218726
929669
405558

506632

511938
1071
460951





965859

196158
892094
458206

917901
160770
430872
134842



766677
581270
238858

913363
404548
907159
867056
838204

139325
555804
366357

426499
711141
411104
705068
500935
637333



412023

188665

394180
46945
610240

188305
907970
198598

333909
185974
208753
880449
11765

763984
393690
449783



641760

177178


691137
604226
636841
125598
189967
923105
213522

565671

355181

750551

839392
30526

529676
559411


650854
860263
782975
552169

321099
424508
185764




199507
806459

41232
94323

407933
714118
223461

388282
370210

153433

596894


943987
856386

857523

307442
167406
339011
246897
498821
804364
106489

920382
184132

837865
924959
869925
234054
148501
433436

751468
934543
128607
503924
945481

410515
256332
492956
261534

784163
215200


735868

204362
470695

54927


995868

94622
703340
364135
904782
466846
839457

139553

892994

610347
691241
315752
631050
858605
475427
351797

70827
922883

902822
53057

831166
833059

559940
630280
443601
739089
106191

936298
435965
392542
859906
789095


155422
506073
664226
668124



887845
690731
680265
869175
205108
812780


543905
183248
161303

626618
829004
776603
480623
277529
924154
766963
626944

453353
721551
651329





455104

294378

411168
890615
817133

970288
57562
736239

923007

126952
125484
864130
344595
401298
487443

380597

636500
118686
295143
19887
216902

814126
571913


489092
985411
914191
977124
478709
370140

267146
26603
950121

962229


185226
891229
233989
91932

148032
223874
837910
320797

446900


108903
936174

237026
233434
233983
470305
89672
75261
54188
958731
706583
62152
95448
29457
552053
676282
9315
222910
342231
76820

327667
275883
352083

483690
796803
325897

32348


689599
971910
470102
714092



889375



736378
259058
209481

385453




318214
773040
560030
686122
656018



351593
793535

177002
911642
564867
822501
527387
498217
540297
984336
100938
137247

572667
303060
382521
243595
936475
978288
509619
313648
695474
382660
975127
594855

417715
151927
472687

528898
552025
269268



605502

152449

739455

535777
714988
87889
741722


681330
176132
476330

266286
535073
33787



621707
285529
420514



335545
386144
109718


942929

996210

169945
869202
496987
291553
867176
693188
690562
473025
220864
963245
123259

429377
673601
817951

34042
514960


789423
730099
669952
544921
51410
152975
648549
910308


342468
849481
109765
104091

890846
412833
395655
758097

440601
11113
810992

970061
273425

799687
134640
297945

485146

982566
606477


822980
480455

442145
37838
155037
514005
764621
87685
974240
177915
476611

479879

998197
442926
161566

177302


290547

937441
257986
8607
672385
842582
783068

277566
741386
66406
703712
816890
35689
891780
91035
805522
739553
704867
411999
885486
238954
763121
158570
126765
670353
309277


342415
303118

346409

412226

382667
702991
387913
331830
236916
492649
34887
228256
12315
488868
195322

268631
638560
751763

604515
718233
900365
936721


115316

328851
387536

348704
983137
137733

921493
798870

848862
832600


272708


432072

792674
368896
735864
314517


759284

92002

423265
434061


565254
468742
722096
493468
850963
213464

322445
403333
333819
904431


113963
992894
771845
689504
95270


591646

725795
619095
355094
757913

145249

382643

416170
235389
442277

592614
994083
556115
667953

352047


452679
613543

573141
699473
699446
282580
682674

590448
922883
887296
754951
159308
837964
580567


113462


238054
792097
664563
171372

436135

719488
702537


836350
852464


850008
343524
14723

138154
514551
742140
483985
760126



260827
661667
282229
581638

691548


33408
244191

488324

597143




728808
40664
839797
696052
469043
217514
800510
98971

108164

829700
763224
942312
817189
294968
834937
227816
3683
422208
95648

56392
789959
37987
509037
48479
172457
743068


169359

829308
647540





635436
660545



250663
971635
78614


291586

237994
634036
817250

793274
983867
143776
166135
333730
584814

192035

857598
729886
69579
703052
850023


932224
926209

555005




101585



722467
298176

56589

341201
668126
984511
295891
809625

875806
805042


51897

688443
181072

480294

559436
282538
158999
244475




328028

487636
664946

126362
137525

696271
756293


569686
424256
903432
130560


917139

824370
690384




398124
218251



62697
552207
421286
127582
127553

817135
488704
535301
165400

26538
204480
677696
519293
175048
175075
552065
879720
826492
631023

595649
129492
806766
336465

200504
609161
145169

530399
815340
298792
298546

163843
34222

891012


707350
160898
947908
777754
663081


621580
765403
202257


290651
310807


441402
402414
971163
389714
219370
377445
979281
678536
302947

550052
421863

514636
241224
455135
714810
967578
636142
68574
512923


609449


120394


809777



213332
668812
300790
108178
858709
730373

344332

766886
833413
177425
652406
893472
119676
904334


373520
691504
528556


318751
729395
902633
876392


80891


569094

570506
873812
866512


640275
24392
664360
218468

846445
886417
530755
367883
92015
747540

388982

932098
590668



776526
173076
891398
437711
127576
404046
639756
902447
627917
814496
733096

747485
728274
300354
78390
59571
739048
50548
121363
739102
43557

547336
838152
849445
135996
866799
616278
28548
532071


624717
118991
383050
186962


405657
333212
989138
514415
955383

734690

457543
152802

692598

787630
723279
862578
77028
360564

457404

512615
866589


731865
650516
615633
644785
874904
969883
625395
711265
554926

397218
699205
109662
212304
885293
349834

963632
651240
464483
673157
407861


669544
97977
831377
204539


280946
148689

294745
158831
683445





367052

19948

179434
671870

883969
231135
642191


530440
894980

444143

804307
245606
868195
644420
26580


181450

179969
504658
404364
419962
900297
345481
711292
747187
225000
842596
752987
635419
721834
553680

303319
390724
54980
790358
374767

107351


820587

616408
94158
739769

366759




860213
397906

107355
539218


164849
754781
793677
774436
881976
948693
723240
677707
337795
531530
925962

403325
114149

88773
646784

749718
425966

994663
419863
127355
400548

879575



746889
768398
877921
92951
844566





241537
347268
740131
293345
133923

645907
468768


63148
304834

730924
542808
961206

742667
684786



453442
289987
564922

114576
904304
705982
788675

378601
794400


911446
197890
541771
443144
685688
195949
962577

482038

456977

760368
647079

508801


603427

222494
697880

974614



871446
504548

307478
548608
259835
500622
857906
158954
664318
954157
251100

369343


117923

603658

203832

653384

649910
841434
338682
949798
463354
785003
285224
717286

665769
139621

345233
902385
439743
201545
424638

492807
66245
109773
870648

364903



140864
919305
691339
346304

98564

577562
405106
370164
390856
533161
838661
135273
461054


636627

163357
430853

345398
177896
458560
800856
779618
432150


170688
760918


20786
269302
236144
851942
311008

573811
109003


716025

989854
538825
33637
196606

965245
943696
501615
308770

289696
38579

993360
904206
6379
989825
266500
336880
262654
675952

768417

848033
585983
241135
150195
971520
255927
230841


241241
158807
841420

358897
556099


986477
418440
291015


921184
628766
332697
456529
621837
398735

224892
956553
454880

868487
926528
74294
829265
24362
689336
133947
268804
166584

707869

113125
662303
119576


173998

177192
342636
726570
845753

295738

280280
43896
534783

792572
603032
317611

452408
23972
777772
853153
935060
303276

442251
853661

341472
193675
777665
46986
74835
458383
286138
275111

315058
723017

295810
139060




861871

775737

266331
789452



809564

246023
924695
318208
306309
701496
895495

143381
948171

882644
469092
154158


286560
756932
186469
568845

59940
207409
96348
379287
891929
506549
291142

271219
359591
116185
568473
838045
236960
629278
879577
899882
502263
390514
269241

923022
287150
936425
847716
356789
399092

984706
425996
453432
766572

507909
322452
286655
648093
450970
638924
597495
2420
99522
952835
424102
689821
159045

702767
283822

261299
26648
324756
466252
68412

455573
80884
824457

862325
302120
76368

543690
479773
73003
778611
394705
284143
339703

207999
59480
342880

537331
548888
452504

713323
385332
857042
461339
485826
680729
869304
144534
401278
381548
975372
902905
514018
489540
550560

242581
832848
898830

17727
918012

923976
289991
748651


450823
388363
138515
670843

12990
564097

9444
498480
60925







819307

417700
866665
674341

609298

227560
105271
217067

449505
650393
835743
904490
428420
922070
435440
229447
310546

828012
140886
366688




679466
396657


164213

126104
876052
454839

807734
955665


154363


261219
55302

636734
824353
562438
144858


764714
8033
239089

41353
366749
635329
79883


697940


559746
252077

139816
797891


912881

606276

336926
644386
120369


310678
741225
884060
866358
809321
257014
974309
177951
258411
476745
843300
253555
525801

208735
179152
468593
642254
801491


601334
901171

917154
240067
61307
889713
921252


21593
952725
24233
784101

323112

738020
513454
530673
491386
793998
553322
949982

286775

155802
5066


52246
184394

742132
560016

375651
286792
318737
871766
620675

863071
866322
301084
647318
42038
371049
749513
942071
185932
311571


617638
254795

73451
120607
282690

664554

21370
436488
537137

421972
182941
329376
612779
715778


411295

311521



852442
370975
477485
502933
300739

268335
570929

61500
123938
778474
870031
338318
891166
52919
661719
221823

540286

446142
446649

145032
304623
526659
657837
933936
563440


548675
356364
581468
179861
232936

393563
7225
199691


326130
163745
63280
944304
906939


759078



780124
145297
961569
138153

261188
509481
63315

848987

819762
733857
611607


377806
694123
591795

370179
641395
931853
741144
554969
966197
566656
39885
890274
227246


302710
446773
888474
366502
976184

545616
412510
479859
576267

987730
145069
527957
265936

817445
677512
640993


809962
987921
53125
363298
196567
432006
852840
968744
915799
983536
902416
554496
616002
61314
217783



755901

373926


682060
640897
884014


248801
103210


957434
375982
858091
990738




895393

159790
662110


952650
380713


853531
529940
385450
554484
286974
434594
330331

538511
783324
86675


644775
839066
171699
928549

725443

446943
701195
235964
164080
292383
324322

269280
971238
292791

432352
453298
949583
125705
664087
620312
447854
424224
415779
867628
80089
128110
56199
339001
192812
696384
625193

213777

19491
314545
881512
836047
514535

519460
17453
913837


240037
282174
227452
346408

132329

216661

570237

68568
956738
593287
729481
431911
149122
175981
692155
519110
598036




698881

496409


105993
58889



325791


96552
360040
53927

879188
369903
837393
913221
983648
450863
591755
295764
300151
598827
371230
637035

953837
356734
2204
6579

430067
833660
964567




618500
4213
177505



279666


219555

738943
568565
733736
871385
428987
993062
462153

53321
685139
380528

573186
395943
183537
645944
724773

51361

982686
485930
957574
600109
857547
278908
158861
929857
382206

917569
482752
150838
40819
598092
550144

958771
207875
604797
673587
792749



169625

457273
353801

528319
458069


852801
585817
594862
20824
92719
178604
563118
610949
988350
278378
799835
40046
406998

602127
367829



257931
664513
59458
61625
180312
76963


618962
494408
354048

253834
625067
751716
536672


301043
805043
658749
339448
977456
377124

197441
332786



609881

573980
972949


964118
956569
468134


414436
491557
240911
999540
63034
422467
670447

273646

793433
362219
768195


104119
221518
233687

951499
973624
354008

164466

694574

424376
396601


915313
536437

846967
12809

669641

873798
242266
578583
229252

413944

844923
868606
713035
471375
700560
50498
454582
353884
164926
577916
792692


777273
92720
369058


858748
842954
984837
391035
447365

242961
625977
109938



925487

766357
853238

872
140463
554858


236082
618837
315117

165145

315382

51511

257579
365514

205918
950589
744692
252765
661610
830897
539687
63336
213624
897204
878313
668558
679202

663753

12066
338206
635556

240833
90081
131074
966274
575373
776355

620299
317697
489915
446570
452320
876698
189377
507718

584909
229626
768172
406485

791129

423345

366781

586822
892058

548969


652151
201511

121648

23624


570546

447575

805516
185369

250309
209219
783877


61242
135026

273779



906997
170275
284229
687615

776954
921603
203743

31545
576552

17125
856648
719260
50702
897185
405244



163372
438592

707131
328048
672097
723575
737582

954191
525917
339475
450486
664011
146923
609304
594491

41216
833599
399682


110619

680462
567389
233535
539706
647416
894227
871535
569159
670841

189064

823777
49720
195158
594221
757221


60555
437472
538548
455401

579921
840616
84573
530649

42364
356174
503663
536083
59717
137881

480824
602504
94900


636508
758763


855750
762191
186641


59325
982045
227343
301109
229343

52837
87588
583805
80353
762721



674651

528524
624925

874022

480507
209343

475819
472677
776429

48656


874176
875575

822250
689912
486522
789667
856303
81944

676717

678102

519885
996348

84276

290727
59625
736709
80411
746193
82221
467104
262770

709804
426333
613975
363564

846677
118949
36537
381421
291522
124472
491521
286811
68642
334364

885069

74936
590732
500357

638513
669850
153648
429090
607684
815788
966337


348325
605838
578423

365432
683363
576576

731337
582855

426511
534287
616338
932430



13915
693694


88882
998422
366815
944902
758835

750951
201523
62666

164388
55235
389555
204132
214471
368992

901786


33594
934551

485905
963875
529352

206637

660529
685472

867201
851670
586517
548461
346877
241962
5358

890723



216339
498205
808358
323388

895530
335721
10782

327612

636549
638834

716951


349609
874610



822095
865379
19414
489081

943177

478579


621006
887078
7207
74490
198151
195964

557143

484442
807248

784089
315083
340949
788442
670303
903368
266107

851682
995137
853332
364683

131272
138692
671258
938747
778382
16976


105227
606613

325085

53082
959066



841466


698357

909852
930242

590147


189221
685570
667910
228495
164443
320399
392049
13410
481856
670761

85412

994153
509641
373780

913050

279053
651516
832448
405485



622669
143808
212461

118572
35738

751544
290143
629257

420558
214516

931130

64655

623880
876075
138436
274844
419605
765267


356223

823891
34958
717473


328248

972607


173842
114664

14843
165049
967443
402691

312246
150569
290687

541467
687245


244571
304729
164613
455324

326029
675963
868667
635184


284644
52274
940841

83142
921100


695196
1873
715408
605671

237151
301831
189420


118581
638891

69356

984738

75641

594173
299355

322176
493379
362789
794096

846603
257083
288565
614517

598111
994206
870393
175831
305278
75224
282587
106061
356948
463197

34147
680910
728721
596379
275417
644845


105832
264882
268364
330231

872601
159427
672630

788203


405403
409645
654916
405926
56986
278606
60876



370897
226426
803506
438971


740246
97363

108510
730127
898027
953471
102054
51603
900498
306509

184824
296290
156405
629305

827358
807062
270932



744081
830066
356884

634492

622373


572148

20910



749753
981240
951420
103523
61956
796080


719996
48300
756693
444096
533801
807087
814117
882304



24680
889825

587094
964756


108602
133246
61999
755552

40465

649761
475238
387103


748183
524665

516426
821231
483033

200037
781826
621498
244312

765070

881518
857391
446604
209938

490879


592342
559091
760578
709943
550261

841316
582119

470413
676717
741315
293648

163504
323477


922812
588996
46735


549284
790021

692518
829764
464015
817397

133447

559106
471990

402429
922575
549211
936875
524216
469670
282097
854152
786669
491468
403232
522431


830939
489467
27646



373954
370929
370522

505728

719644
827953

618120

851741
8523

795016
548500
183477
357308
480835
832127
836483


747865
665660
248085
414989
493804
439039
946901
26967
775100

284545
437118
779632
567162
330509

730019
626898
468851
595121
578155


72402
760372
855181
998418

577704


889535
284594

832125
596222
757038



177833
43496
182001


45119
558174

263908
905657
905640


995961
437490


246608
332782
632896
182441

477116


205038
41220
712521
83487
408625
153712

898310
267048
527352
335843

875587

31052
885221
168772
209938
423859
454526

519685
70593

39064
54071
860439
712315

453455


171748


25077
476817
122675
710113
438546

732768
422695
619014

489949



553145
200541
631107
173353
437736
906589
766775

959732
682479
489080


611846
614893
52249
917776

493069
375237
132217

735528
488580

345344


478549

789659


956306
742874
66433

357569
556858

153333
129844
111372
651254



873921
68366

173531
900095


783875
214441
558264

588618
765509
782207
41083
269070
946012
40430



370415
139816
33456
784136
561004
305038
240568




455777

711321
132826


575499


88117
934620

554978
769003

875769


199542
504066

436067

903204
445707


805591
149475
562820
608978
738128
234976

920117

664224

453072
5176
288816
812696

693156

688968
62313
461986

245112
46029

178483
620806


763154
448617
160305

620235
915712

594483
472225
920406


805068
306988

599274
736921
178784
80306
425386
265651
473811
364499
906814
139782


126812
773930
369421
433830
796163

342854
347870
913759

162198
921276
539254
828698
19538
413298
363483
742059
760793
421468
70978
604135
97241


107815

99032
377384


512364
763514
29133

654524

97938
594389
509064

872852
485590
959230
88001
118951
271994


232019
790206
405384


933990
897130

903290

86850
859622



204824
435090
533317
387879
730547
777009
657323
68032



135954
709185
494062
105920
776999
860531
122099
480985
623978

963149

479214

87359
19343
896600
995269
768871
152315
396702
434921
356860
913910
796868
537945
127710

448299
980906
179905
9605
209956

729379
767177

546022
369965
303640



822052
149527
471364
848831

758470

719884
682000
156254
558121
307407
167968


631855

471842
846789
371368
566884
441083
848972
320286

380794
14701
500194



667488
922475
458362
249756
428857
519820



225526
306675
704376
391151
579697
621371

253542
679003
68229
40440

556255
938692

598338

746746


820710

352133
489283
395795
39926
324668
267422
694942

328587



645007


789229
217135
224758

707562
932801

713184
224755
437883
278150
428708

570467
758286


202915

197292
425900

984254
648750
117886
46262
621696
660026
955157
110827
946536

959912
709307
404223
390630
79346
452853

757712
862203

805026
318365
394642
914577
268140
841704



234895
9443

963282
305531
538293


108290
545794
974979
368038



752027

388504
453469

534671

69467

652772


646450

389722
806907
230792




754738
121927
214270
768142
277945
387173

608052

952869
377752


636122
64287

822667
688805
519112

522746

621318
27216



468074
438785
334258

83606

677196


708124
139899
861155

144479

860429
525355


15167
669892

620442
756741

917877
294753

20804
223608

383222

567455

624984
656607
925803
440978

215206
134966
591747
106972
619335
219136

478527
331431

445425
192291
448416
552631
601228
214044
8835


342610

263260

853317
259474
635710
179088

3800
474181
901377


760835
459899
579257
507446
64412

383826
633333

123323
394449
22135
316314
884178
846137

40607
943068
7465
773559
634002



946128
762900
643738
16180
567133
871195
730910

943075
364569

378828

894924

574947
303866

169758
456472

408333
921401
363368

758713
885460

797744

244869
814772

57535
285783
520842
893535

503858
127913
561001

565054
863125
472829
986507
643042

240897
226944

539919

443442
799158

68374
571935
306818
53925
67181



575796
61999
897805
735107

754099
976111

439913
450230
479976
529156
874235


742997
998599
606975
2229

387625
706636
330635

142238
58094


303986

231738

429793
823683
407474
692785

466106

332832
217898

804917
59494


80524

910239
320421
778188



937834

879338
161815
960070
824809
276433
566967
835835

892981

752800
663590
378324
141444
32295

555708
45259

509836
756319

529436
249769
584288


73674
628698
670046

380817

884449


895367
135525

221613
388048
571502

768481

937537
298193

29379

945035
420983
16945
280400
417685
87456
945146
863832

633796
346639

732108
797812
802546
939615
346676
454871


734760
7390


73164
243752

911453
387862
928498
86020
604727

42602
804191
167247
473902
436056
371534
314176
455347
798916
830957

510249

720762
102246
407223

240173
608755

177106

934238
120339
304369

377211
472345
253816
258959
175569
178982

109937
765971
926358
652436
703093
503686

67486
77193
626107
577117
702228
450961
133810
208263


820634
533348



870005

809610
928166
680465
979284
35565
922833
163577

129861
971511

814485
137688

417089
217458

119568
436909

955764
217537

971159
885796
989292
651434
423610
439073
982508
227555
887841
725319

19855


297596
244265
595270
54170
767192
199516
503762
459812
304510

630166
809985
645632


724782

300781
27211
959815
290721
553752
105358
230356
581951

336341
363954
559115
566309


964104
861761
34717
570425
57200
215659


237394
35583
860395
64092
725551
941013
876326


459815
700565


902143
802828
343593
162802

120967


991965

14236
562436

163199
985129
624605
957006

899319
66004

132690

736532

144090
103403
456095
573392
129548
856534
319377
309383

30813

132747
57085
293600

927960

270265

676990
224794

419362
629047

448909
190068
183524
905854
959066

740454
751200


361861
335230


340683
632643
69371

308263

578407
658659
17859

421113
155427
746362
574432
209753
440963


256493
712206

646391

528365

350402

6786
995961
84876
711686
513981
947733
518457
238069

681159

588528
505147
414922
177489


10223

471850
106099
21817

816059

657003
816604
737593
437166

473797

721357
430362
74117
119171

875959
434876
27919
122809
827432

484722

252070
283283
61211
309791
332145
923406
88497
765624
13636
72866

388886

616021

645461
246392
982116

645792



346785

586736
70878
356997
601508

152198
396020
306838
850379
208181
474533

22409

166602

153510
89275
214999
238293
783652
733119


965577
215643
885155


882730

564409

989237
130067



542524
148860


212161


115136
601228
842212
542434
828150
599085
527615
213324

28286
692910
787781
325073
225342
851519
477414


269470

420840
640413
374815
592249
351370


929083
465711

443508
747102

7468
664732
662242
660889
860429
819170

70699

363910
603524

775472
410676
862966
574820
157248
21031
136600
362494
465980

421566
421635

13988
835951

41291
714324
710804
201184
810722



659528
365745

374841
324141
268255
502838
575265
547995
350664


232160


446808
912359

943504
755768

853779

992095
662772
84227
418998
398307

203274
482169

736404
61879
807458




418894


386932
113268
753719
963741
610745
404015
682915
548291
72978

886961
921691
729737
223725
446348
568088
814011

232332



289232
82751
732650
949733
154614



368195
41603
918769

960585

532086
87077


294308
816899
935839

455240
672748
121746
989488

755299

931352
767886

346310

36346
833685
650302


404859
751916
210222
737325

496711
452395

57141
503561
275404
902393
415541
92206

528582
607170
655974
992582

609375
836688
900663
565598

475590
543836
756839

666036

733952


762540
392218
80711
67219
952778
526776
695604
547325


455452
247725
402822

712916


388434
948366

875940


286988
398056


389981
307885
648386
61892
228955
483760

396199
886417

356982
579691

69347
199597
287503
856711
287320
705041
645985
865085
15309
68639
889748

985983
908529
603416
129452


750727
347790
580633
874488
229814
716904
198439
594583

905124
960831
79609
92288

788166
775729
861968
455472
280080
176850
861287
776235
436206
548347
147085
554649

588712


168993
33529

687980

184690
580341
606156
87056
608248
19694
682054
396618


59269


254706
877500

461343
614609
608912
601523


164866
378051
403950
794136

788897
551289
886130
514738
500394
282879
805946
115084
995289

286637
880865
365279
347575



707301
962194

368202

320411
952160
785724

493289

508937
560126
708913

678174
690415
94067
350281
638566
634768
456563

643686
368346
399803
876818
37998
177025

751674
612971
671850
546727
405732
730102
265945
319735
956015
820211
862417
34815
249769



238536
333455

531824
391141
599236

960940
684819
207708
302186
374896
422522

633431
140363
26234
741986

299438

458392

969662
609034
186880
327393


911107
203267
297485
194315

634846
140699
823608

489114
373136
658112
750
870526




385922
691405

672787


442937
432205

968503
235418

748111
115783
585268
46419
748322
554250
117480
237068
187570
942607
366116
780948
123997

512716
94588

426300

809676
308346
354739
558526
802461

196416
227738
951508
366685

405002
902611
248607
974494
689334

703053
426855
594815
425017
670308


483663
236093
775937

7019
923750

163945
548099

496892

73491



554850
432006

541550
916744
505721
526665
423216

689196
289221
874194


611925

206862
546358
861680
70845

98782

532020

355626

977595
192281
366470


12326
869506
348140
374700

581836

33912

691693
644164
921206
478319
196906
627
632698
964890
63072
769981
257932
744491
560918
102232
80578

429708
829645
152657


915640


481565
854602
81561

85547
578908
295213
520990



508165

214263

359164


879111

712383

732535
865743
417681
785773
7632

101437

280839
840362
810558
213899
541865
809118
971367




932110
262296

862234
920039

715459

143807
779635
462701
808783


649979

306375
322633
363411


906993
852561
167845
858606


167558
899053
814170
225084
103117
813505
267316
530142
232893
913270

7557
978801
380242
251968

66425
124825
333288
295234


359639
911462
12714

509246



693568
589510
978260


190451
829122

365733


214941

405504
532702
835990

765465


571272
457729

302452
565986

318626

827063
297685
175098
620973
58812
741491
565792
78203

281778
558143

143969
310250
784521


573419


123614
365174

196592
447446
574890
373581
864815
654166




1897
357080
42072

820180
153433
362529
415606
663272
337154
940780
58747
943019
566063


253331
487078
715607
229263
986563
332321

744781
859535
291105
687544
440152

301073
199234
532272
837145
992363
611202

881886
536113
271955
294949
788240


131799
416117





171321
809243

158008
75744
525075

278979
574287
927149
558348
635910
448329
995035
434041


258845
259348
283971
955417

197656
508735


600091
488305
326814

186175
57090


903562
858958
250563
995230
396364
72125


322352
416946

955642

328581
618230


767522
774007
950499
735625
476335
723960
829318


920215
16886
636912

727012
167418
780603
44061
677151
340556
202314
539252

813507

552716
391730
322718

714163
708376
731701
828307
434974

504999
590864
505140
681844

795865

177405


1741

946654
476231
299658
593290


371649
765149
288900
270132
884104
138451
331608

922523
325294
824273
717729
501580
619751
744635
426577
366087
333411
944949

465107

195390
282944

805551
357320
294969


255578
987579
308154
212113
163948

629740
682055

184691
877536
841408
544424
670463
646594
41822


794062
787262
730839

180789
957744

276780
366450
36125
603262
688070


713225
937331
659897
184333
991386
122611

248811
259974
413316
344752
279892
74705
51520
90682

572412
90973
13329
673663
456210
630139

46197
272254

40727

977206



792847
747907
172404
563495
527440


157097
239260
130356
664563
57163

900189
765980

100070
940812
391658
815261
76

99678
740656
553
135336
702846
663371
281356



399742


95503
809539
391097
909339
58205
572967
504789
121377
778838
926644
24337
255979
180264

476774

275097
917984
594989

324845
449534
732185
847424


296273
173578
458859

467763
369217
30914
370651
376076
764008
744262

749972
386356
781479
11911
727684
922218
373747
700207
59629
524977
901635
356893
98049
751345
98861
401288
143983
580258
9245
245439
82884


543547
259566
963565


513474
614443

588899
707002

715977
289317
50527
819770

324376

198325
34684
514170
742029
8313
232038
809082

585415

539190


333385
935101
235195

89564
998041
871498
828169
203148
711844


285852
629733


949754
120622
455056
527606
99871
419472
132965


673299
295785
30896
553983

451137
606748
948194

424360


861434
213735


809240
430398

422813

673342
921698
109300
806181

965817
328655

176376
877130
178417
876410
222986
160151
806805

70015
838844



332753
724925

503100
839456
274479


469346
881709
300424

598248

149360

117150

965864
216283
326868

955686
136540

272653
383039


668333



52032

2168

458599
191674

971989
647235
113515


155929
412126
631270
867835

305109
704008
220693
400506

574863
635231
496214
708760
164395
443305

615237




465853

875599

387226


977584
65155


805141

752038
797834
188576
712039
71704
226069
170438
681863
434706
252690
471659
251331
2622
887464
967714

448581


519322
207380
337200

375855
983853
603311
301351

934322
315015
42004
788244
177513

587

205073
302434
270073
918532

444684
213321
722048


718570
650199
513969
992939



994967
938342
342372


929004
138472
188093

139463
350470
58412
382268
847457
451080

935804
291049
391621

607289




498166
931345



26774
337795
556653
280341
835446


332826

356757
378491
284802
540568

601971
857512
363445
141397


857374

6615
2250
574173

601535

158147


334483
63778
972556

312428

387920

358332
646993
24971
767531
152714
265309
891685
68763
220705
873751
740499
993617

933866

367083
371836
798840

354663
596294
286390

263715
521379

307323

70085
629792

720132
377449
321239
447391
102053
676706
897123
43961
945970
214925

507780

421007
60740

986241


874669
126091
934771
381405


970122
161881
106772
727830
66468

683525

749921
195149


791374
267682
970277

661706
64321
922478
313862

90439
529329
83219
29042


978468
479928
655579
52557
78163
227365

176984
570177

181871
736657
753887
335778

456292
61246

967966
578893
594576
613304
126238
844058
886351

431961
523209

944167
324989
604625
445390
61924
884587
920674
871141
884008
54183
544497
483287
828024
35218
959752

255963
633436
557847
122612
199907

662512
740052

462910
353605
927119

15828

907022

281281
416898


675886


282721
274769
610684
559262
431600

867189
541985


846376

992951

503000
617832
693423
811531
149182
693254
768913
5518
683001
393283

827876

44255

711888
833330
146227
981484
57305
490785


198726
743071
253150
97051
865362
265317
914694






856236

645434
767996

763614

158938
238886
461303

826730


961257


106813
784797
804672
826309
335943


266472
862118
573915

876594
629731
910952




757604

821606
794693
7900
888765
319487
403045

598088
18033
810371
107761
893058

864182


168309


797690
266528
535463
403901
574232
948093
132708
300382

614280
761035

244017
881342

103284
342471

634794


193981


82213
39874
179400
175658

804252
373268
54802


638083
417990
60336



334367
380728

542325
201099
883175

793071
359380
175928
839031


484008

381465
822033
308570

644114
780455

263020

105255
349153
866025
263457
26628
209035
134423

442162
119910

268642
937317
149968
803975


11338

198186
591273
330436
766551
871747
574936



417034
301928
315971

280325
169586
553868
232911


520636

224021

308804
850791

64079
133124
285460
195494
547379
831946

332586
237130
259281
852213



241805
691322

459980
179672
177992
764712
110454


790795
662800
343204
710004

309712
73206
839502
80005
810514
522951
384702

572450
7744

273821
710754
14595
948738

511049



703739
488931
799885

807446

546231


685822
714980
819780

1409



119244




281591
757475
866376

493345



464062
826479

90584
635392
459132
348334

578278
982738
613746
871800
537898
948114

713458

821087


656566
617119



163428
453400
883770
832098
804995


582004
899782
955546
840901
773337
640750


584075

235871
312872
485830

696181

577167

329978

557891
210755
279830

961625
593268
255124
806654
675362
88017

879879
143273
187709

625504
77131




621064

836995


2545
38628
694664
449682

614277

254317
491353
561098



573332
268653

299489
674182
935893


24591

314311
972700
290386

772969
706995
133781

408374

77665
275368
172191

511995
353964
128234

923703

237373
843475
232783
531103
936746
592932
759884

69337
467828
130728
657488
92204
912924

343967
761747

270942
761863


93009
237946
881843

424088
952407
859416
504744
587444
22313

884101


666174
259508
942811
901974

762728

301132
479124


807232

751453
405054
824363
279060
982236

261532
546010



440847
305283
959321
65451
642684

252643
57971
167421
235890


887449


822862
618114
689451

399206
543630
287854
916466

643953
53943


281455

519071
154065
416480
886424
833807
581992
850633
690038
485252
375221
35457
442976




355382
145963

234886
930420
521744
818831

500020
762956
110734


379963
52541
53073
353005
128278
849141
957784
37959
870549


739356
304903

264592
407784

654957
117467
66286



432644
526455

482946

620576
740904

683525
433242


391160
214510
95770

462940
432558

778020
506615
892469
556726

399276
621808
989446
848117
860351

675062


15621


554537
579507
348313
403144
565496
50090
513089
350095
994445
904729
476643

240795
323568
432497

426279
413482
767127
392960

211669


694806
100664
57649

326809
755991
656272
446514
357324

197342
993491
8701
901818

989965
979897

517485
401463
204422
921233


417915
653211
381297
107960
652286
221649
705458
265096
78093
26411




474054
543997
696423
403368

425814
21773
842837
621740
596558
450442





252027
248616
83104
935564
213337
312699

111191
463603
747569
775564

724488



855095
725818
29012

326697
987292
288565

942977
235382



172497
25584
960176

244209
206686

215372

923483

100940
18367
464808
145167
667190

36857


38913
991244
873661

68234
423767
807986
456534
166482


739227
314488
505787
332734

663798
627709
372614
649293

365219
693319

774016
625782
836943
329052





558262

694621
869341
678576


200331

340511
551406


6333

603913
322381
661338

933623
619205

390161

928103
318658
633126

650817
42068

520855

852429
353592
95311

842483
747134
914759
738266
249733
950803
580318

563850


933470


61098
694997




444575
946638

430994
218043


270930
410101
76445
651265

315699
520526
129603

267424
688761


333030
103356
309861




122469
41076

511684



465889
964871

252460

229256

934874



448410

347019
547703
376993


915053
166815
29935
846725

667419
804612

216862
208788
218057
343623


982975

554308


80159

765380


113562
838487
470061

906316





59594
719868

237298
780532
95744
60892
862208

324216
574525
572870
88707
164805


48768
609346

377017



354964


165238
895524

982253
262641
507995
731724
908576
407362
278205


827215

829873
680310
426282
241628
537869
134474
668924
825106
681754
733165

318677
305099
751778
759717
851356
591884
433865
429270
31312
286360

163792
569655
972447
603572
439778
215885
807854

499802

250547
169140
105162
273338
407217
911048

860501
55166
149199
844527



667304
307374
181247
510374
529341
765899
142783

976040

752512
190027


873552
744502
573941
983054



297749
519931

798362
577439


884769

886169


680378
225396
965575


172499
119442

718783


96487
631483
278343
844605
548753
873452
868441


848301
875302
664424
185849
582831
906872
978604

458056

784340

823662
31797
662182
117455
929821
102990
399440
781945
778455

939824
916285
432992

76326


261134
433487


232624
870009
275106
811861
33138
944768
160957
230825

90771
337472
37954

753404

424533



4533
693787
584189

276537
646719
387122

820369

859557
862713
412625
413815
471013

469623
992515

603666
875106
722450
883456
941134
902121
863358
735136
246960
441359
817979
223515


708055
393749
249607

474132

74617
323301

774308
12633


549924


484550
486279
880818
471170
579893
733736
197497
137231

862183
596137
79790
753885
939612
800928
156004



897005
505368
604520
87772
300740

510544

332227

139284
37579
517165
73931
636707
593476
897932
501439
298954
274353
156054

970581
970176
429364
942626

434947
374604
556574
75147
615139
528194
474635

265779
236691
235045
930580
64213
810061
253390
588594
665519
468262
124911
131502
331453
195353
974359
191189


326313
366720
944644

410063

461541
126639
610814
580308
415820
652212
453947
811285
701211
206183
256007
325804


123591
36799


942894



340780
848413
13119
924051
715408
491905

737237
768153
625054
232266

978938
806935
101687

987328
913747

390938
705861
812017
8919

254802
710669
222132
161338
462494
743100



866937
429830
142991
342693
822422
311800
428719
335238
929144

804821

428052
561232
204374

331993
305228
698566


640784
878006



929090
410758
705161


340526



986302
878746

355393
116246
447058
10522

286378
809336
617058
642038
153785
747450
153303
955075

835676

711764


46818
123453


534998

614903
478755


814128
719745
441225
848314
393905


466963
904747
699994
141499
499256
831134
342165




409782
80688
903620
70325
503702

322690
276947
944833
698013
204171
81773
85174
748521
106449
882449

98978

288832
638008
430212
387638
886163
993400
980911

94957
381291
497575
314591
601804


999924
623368
189869

404220


780668

252162
599467
930164

699356
289916
217942
937653
443694
500919


630824

742682

145026
208214

893870
477640

701916
599558

767052


530171
842187

487715



434061

71730
295142

548011
31079
52042
729866
385392
168029


626098
433396
822672
447943
500610
724248
431043
33822
953676
443554


102653


596513


553226

453380

745542
91018

65844
186373
874322

514391


555055
493459
370486
647048
11081


960779
986211
78206
457232
849414
535522

254178

749845
830993
628129

192402
943617
465589
943375
813298
333912


829815

516092
599450

942539
680972
195559
450366

933534
805227
774359
390352
147876

292210

248489
848680
2160
481084
676569
646039
198066
278702
73258
196314


946423

226097
541183

249374
198809

636359

26465
180429
194692

569033
582384


993050
98126

535852
272695

127281
247462
41438
700816
102367
967879
614026



297821
778710
761794
57772
65482
96329

668981
2327
99676


157461
501182

70769
26347
8473
424168
195405

913943
491772
973614




131902
956556
154729
748034
867732

774290


901224
567315
881936
106648



791667

784619
375619
458158
551412
203397
552060
533348
645082
596230
32128
183895


222292

431599
430650


23662
113470

935511
405507
96292

971437
23502
533953
235022
814471
360129
895173
262354

30907
922838
876444

734683


207711


529
157807

893989
260203
887829
616929
878233
663125
434268
839908
594338
100083
765588
12117

667387
642863
363484
499530
682884
781172
796050



499481


390331
853126
817114
15484
709876


871590
871811
882847
691229
289792
26910
216038
57081
944545
901581
109143
320891
808550
506448
181605
41165
585724
456619
57799
988277


184424

236910

466453

247211
962803

418549
280838

310948

474306

664261

898709
67794

639485
564715
54
436674
192369
401144
575396
489420
2348
606462


477981
544511

496690
282829
94495
609467
684825
673852
495727
302646
223479

722773
976776
470550
725271
875622
980088
494025
297785

607364
601680


925347



920272
886385
117825
300669





298700
30789
532641

352260
270049
864385
541228
851088

697923


682513
565492
502450
385775

831878

811652

223385
799679
432401

337431
539603

28942


384793
788748

974250
949055
381238

637757
252110
972513
659694

272157
294484
71485
419081

345233


591178
979758
439424
408144
996945
146124



517318
16045
254821

779100
886223
73699
177132
717370

102533
263329
524926
171688
391930
350342

182644

657363
868514
63496
488351

216798

748047
352957
856042
901958


594831
872508
5466

7389
627713
806211
443423

497247
913424
111458
109083


206817
843630
98342

505697
830765

450118
859480
232214


793378
747027
725445
185092
155667
462255

461712

409518
784027
213369
551621
907182
647161
423166
890470
246587
391275
690651
468636
747932
697441
324697
993563

336181
588666
233346
353435
721056
511175
983535

686128

826814
733288
279580
575919
86126
195479
631688
474562
235015
481720


255728

209610
451238



875785
88899
532803

407287
455792
880697
688689

348292

559333
745536
587000
555115
462424
958398

167723
564581
669689

854175
755201
176852
184786
533451
516618

21998
114290


445253
250263
582499
721259
559729
439360
856126
490766
64676
908283

616390
200661
743348

574784
769236
119090
835844

800320

502938
895478
586785
970817
241760

270628

695137
416222

715003

241513
975233
441534
125256
372377
93135
821864

6667
534272

445731


547740
368959
636833
233697



812801
425914
104364
37079
446977
595550
412290
824349


798660
853938


275612
198096

395126




863908
263466

140079
150387
936913
454368
250746
239960
371287
912498
303219

401576
646653
448473
912410

932493
115374
612118
692523

262138
498744
159756

272745

205195
627107
461948
913156
39943


324450
675492
582727
161707
810618
182362
835207
826517
566062

647997
441719


538703
592570
187566
593674
541598

77287





176640
522463
763576
574779
133149
289158
237295

180347
561349
547476

523000

792779
879112

247375
639276

907865
140107
479030
951465
219116
275715
432809



609951

636653
955642
106056
55790
821120


593976
139803


858130
241452
294980
408473
156891

398760
161735
178562
68517
653744

751330

136315
384061
166359
839436
581499








607933
399545
446388
554757

541616
760091

228704

568423

320874

696286
217080
510535
991765
60370

973250
231267
41979
458643

782680
827585
613040
629958
421153
106903



29237


114378

782177
605470
615932

922798
389802



816865
383628
435555




360227
161728

562919

40424
737097
821322
687250
556181
987919
229499
896540
539344
38562



687940

885881
991575

665918
132728

651105

217009
780944
670048


89262
636490
176812


834724

359711
614318
792211
487759
68177
185081
96120
952744
357423
98444
5150
481621

599264
290897
516029
111240
127083
705664
302089


361100
914621
179658
441718

166979
439496
309577
731804

83536

280674
771098
864973
591313
537638


593090
727658
326330
205300
888103
972197
756904
272771


967082
416027
847365
918879

88186
658189
336160
968933




769040
388798


685624
467434
396755
535691
60901


52926
267129
133911
373168
398986
842465
470224



108672
261908
656929
183621

287276
26852


383084
975301
48417
65032
318467
689790

69994
457124
869772
287542
432609



70165
969831
385380

877747

159241

342303
689299
362227
10028
629654

680580

733594
814641

913910
713153

853318
195398
824659

725734
854310
625275


356521
556405
82599

408345


335546
942632


554393
528201

537580
990182
416478
983696

176446


791107
850189





131072
687899
885439
951445
846925
246426
6329

853195
352826
546140
955824
336139

991371
131597
88900
866518
260968

659331
184382

792744
253724


759845

68648

797649

726097
832797
262314
786535

571614
775458
236729
881291





9211
626996
35418
917908
662564
482970



305421
430591
843188


559928
856107
688167

676479
618595
565638

708228
275280


617940
839961
414649
543728
69232

532742
218529


517192



78497
758187
52233
520087
321279
39528
933279


846317

752280
353105
704501

543855
261990
915943
182254
181776
533675
811391
579796



359291
717087

21166
312685
717723
342891
220358
945341
600282
301928
305938
368980

849376

686275

101037
770580
480891
190552
478014

15886
453207

158258
221768
929331
835910

547454






470670


896845

274837
458467

476670
695164

59632

20970


313983
287150
870655
910988
293697
228837
194544
940488

808057
155155

418190
382738
981120
717849
744510


257740
656761

397777


807141
983102
924509
662990
659542
22574
791728
750524
239908
890988

470143
803552
243563
669568

260889
963612

866131
521770
723383

860251
676076
245320
261381
948218
750334
149871
337018
28493
198451
627018
86439
3109
836779


323130
553723
551266

441821
376790
881726
657882
982589


434428
585834
434395

462753
938564
579566

486118

171779
531851
101113
474346
15173
981955
438293
50363
920687
812989
70018

871857
261744
695378
127281
614918
79189
804189

307135
378085

789665

715703
963583
936623

340300
872624

722823
888897
839363
682309

359708
564963

840823
669259

706883
425386

385956

787309
603928


925226
849997
221270


705363
361118


967155

441595
314876
867785
806234



821591
266679
580030
861036


785370
921969
557065
606661

546652
644330
916686

753380
17485

370653
216941

367727

925049
7195
672640
944036
765150
227403

233674
965163
909375
795369
293665
558253
697635

170542
484601
500843
821279
132115
707713

987259
89831
357617
719438
220896
668298



438020

488829


23139

961500
596117
576272
40370
925508
521196
908481
804321
864437
729168

461521



60268

838814
814971
553353

16423
207651

7169
255959
959388
884158
905120
384615
653483
640531


551374


209030
167141
771821
859929


886914
379320
110915
742688
798573
498192
444564
780785
715738
554376
677338
453687


571761

794219

574148
864562

50392
130951
144274
866236
742094

451124
232444
552670
331276
172093
369029
765987

866274
91613

36188
410061



947962
456072

909486
124351
16506

847018
529638
289865
573333
685930
742559
835464
167425


453641
107856
588114
860307
908672
260851
608165

873219
436836

774620
172752
261845


662932

703667
996270
706042
475157
550014
574739
793177
850550
519754
341213
613467
558043
543869
43498
844833
712485
368
556365

857020


559785
211412
861019

960810

294314
413014
713746
73059
867132
20439

787323

165558
875221
500953

363233
419348
641425
916026

928746
768107
482145
617983


830623
459147
700709
832501
579059
372008
299724
975279
40162
863826
254978
700547

752422

153082
752770

218696
230234

673854

692090

717345
422070

570366
683938
132532

836017
466362

288374
136748



685158
203216

44390
413121


243030
781598





775094
7208
6505
575219
772810




472658
32787
119495

84236
302526
30542

916709
848303
686636
139881

668362
122486
842841

130550


687336
268418
855967
772580
674901
774821

584659

999810

221592
710987

902017
443533
471651
566528

117001
871108
183155



946269
888665
354029
643332
463743
423763


968729

386119

442990
21766

325962
213030
535583
651521

3651
236703
102834

724379
935862
909013
691042
399690
473628
834119
975745
781226
239481
438719
170027

562754
824912
521053
939034
559792

165608
9350
670260

604914
512325

448074
453878
58013


561055
529482
567540


299596
371724
317879


100189


728556
882586
456457
193536
739365
192955
710717
724519
209528
605540
7557

304907
654039
748519
213933
462051


33308
308279
198742
943225
773886
557442
328354
422058


177247
52264

39177
427454
827754
584926
837200
417261
665089
462478
394040

261571

407774

399634
239773
569812
237281
993359
835308
316345
951796

754199
945973
993957
753192
418195
984891
461067
280734
742952
110984
695145
899294



130904

185219



531457

946550
168366
810153
665929
518779
693985

329829
12053
845046
823481

882476
806400

209836
539098
163969

664909
962569
774688
327166
668531
365151
186633

228619
835790
457383
518752
410613
84022
192674
761295


319117
501349

936538

217060
220791



637907

192413

950640

912483



958694
133519
352639
476131
761456

760718
193176
406711



183741

572893
407834

735228
723980

66159
586727
93820
469686
149811
147466

870019
357455
513093




257902


813579

858649
985875

414795
121818

561187
677755
389982
301687
142330
809689

194496
128785

614622
179974
926237
17696
446852
741045

82109


397042

118907
216397
858864

166556
279214
195573
916802
297543
179749
163987
114832





26312
494218
119187
205017
364417
718057


736719
587211
608288



804073
180914
993219
102221
464799

788913
143073
855184
793982
139947
806763
793951
726657



33512
637258

829551

991704
675395
402125

232995
560590
694789





704156
895166
461069
928018


994215

877516
388847


836590
963057
109941
342000
952372
412717

608803
671320
143129
706495
305411
764238
275648

741713
529155


592538
2535
799362
126139


706750
274339
919654
16934


407544
148190
743658
819277
310033
319657
584307

68877
835348
585056

150331


273220
471485


174200
366837

933167


406508
742011
866814
277109
639531
652708

478080
466161

943692
466116
382332
998792
269492
869447


430391

677647
9095
990708
242355
296918
48367
468803
843209

46793
722902
819828



52016

510325
73049

965725
83548

395841
954122
496084
223047

184499
141582
926409

528263
371714
145105

53984

93792
201567

634349
579364

164119

50450
866075


570671

817684

829157

523699
741742

37200
808621

53094

996533




206386
279884
125122

668726

295598
542263

425888
689513



12529
315798
196469
466297
168313

170447
981326

168874
41938
570684
125623

593548
990329
283836

434126

888271


829430
939109
70064
285949
310880
823756
599640

741796
632836
740945


187220
792364
574893
656105
443300
887300

2298
333923
36364

604155
700294

373337
949774
576360
915313
249554

829404
445852


879237
943009
830911
272600
887351
864039
762518
287105
28725

4889
848509
757147

702125


39671
984433

68784

690196


793188
421749
160859
471638
94756
963409


217056
202227
490836

803090
434078
505469
163064
189145

852555
489204
805089
190378

412428

58429
964492



650844
519888
47174
830198
111752
724666
28728
293366
702410
119497
277613
537537
461308
451849
129708
25936

16570
578970
757269
609803
448403
579108
216613
649186
616380
681181
70635
525969
475881
299387
978268


367212

175826
55697
260194
466152


546343
889111
46168
949196
201632
840229
207040
171131
859422
431276

626

647127
740527
811750
719136
376779
832923
670864
256458
485948
240307
421057
33778
236246
100079
433446
387126
817346

523018

442033
606734
173982
344184
566379
862335
112978
988046
838618
616464
295306

211822
693286
188812

380472

507259
428968
339366
644911
556871
333363
829373

729387
209525


423091

950886

453072
946523
182835
913110
101452


174133
668868
767919
503289

978131
534614
455874
368651
302630
273641
705409
240559
151587

304086

410656
136843
284158

102255
461873
257297

582249
558397

645906
12434
539665
112260

629720
111009
104625
327074

598827

727261

757627
49055
937885
3745
457018
80552
64706
558815
685532

218313
722243
831610
563117
247825


132552


363563
655696
102243
797719
440006

440395
226757

965784
628493
114955
341030
458137

73073
860753
284598
148627
946343

971872
674527
990078
475460
970172



792352

610670
415253
51328


429745
922597

228082
404192
726683
270777
491467


31571
399106

808560

533831

109781
902414
199591
459243
757828
195939
766212
153844
290777
736594
370825
619990

922996

19761
150507
831349

787200
855921
994428

615925
325412

583831
929448
502340
72632
27697




381531
656290
194889
5902
583791
65540
108956

258280
74929

140171
142196
911453
145112
885319
45006
780408

627202
950889
697065
492717
67401
468758
790479

504484


436426
787362

651241

417459
992496
303345
522739
697584
557508
228734
540468
503835

695608
111935
953899
58381

416810
572571
723433
981865
237828
945902
682838

210060
303872
236980

79380
369204
606922
803770
220199
483200
971645
902620
74222
386264
623076

127182
603453
922379

220307
134708
413401
475911
502929




684957
646640


349783

490637
881898
347102
202786
644437
815619


480330
938314
197365
25785
92604

867569

585937
210769
784948
305519
881735

758575
884964
131064
218183
67518
902240
826586
874683
536473
910691
173140
430391

943954
251507

691712

74602
80405
153706



888617

4622

103697

644220
448360
353240
694035
178314
752926

91186
974461
713680

178925
671410
180100


175030
955329
386813


954651
309570
493331

866308
598349

517359
960716
519712

657115
719711
708343
540565
130557
631370
375019
854483
333566

919620
580205
472296
593159


794011
920487
855117
759973

919031
849581
955313
672703
419658
830973
549482
607762
782102
223738

55002
405305

367106
131272

80431
214244



112041
374156
238577

651335
117813
621063

399969
154956

47676
954497
188322
690125
660911
921989
680707
413283
452572
594399
670489
871247
244925
53600
979871
68325

137526
735989
700339


286710
18116

999489
379005
283207
970977
26159
231775

65997
108177
957693
856138
467723

843938


90121

815863
136126
908454

478581
514926
853258
577119


822637
793967
526423
685384
523643
641785
856707


73489

876695
288293
648521


579542
464611
494702
845754
627310
756495
784824
590158

899916
715490
79196
527782

590737

223400

754223
366711
736833
156302

915052

376930
586759
994
945110
69859
415514
696938

565200

644086

556437

732547

495123


279598
841943
270031

911740

266214


909084
736978
45244
70901
37746
69947
944731
323391
758172

34418
486815
467410
642244
314196
599719

473309


685284
575315
233871
697318
355466
98137
771585
141723
490008


92814





795292
233096


132139

946669
561352
516314

681332
864859
126260

368392
547880





394436
633749


628490
359884
73481
68231
444413
365350
935090
230220
922196
86698
322872
860950

213379
631815
301375
482030
790391



641003
329379
446694



710692
528957
954821


938594

734968
660762
411119
744328
427259
162169
364182
343484


284776
140480
279148
837897
272029
336108
195327
789947


82020
580139

846778
158085
9624
44687
341400
595216
102722

98564
747162
521768
963686

233395
964349
731276
682133


882354
395733

11150


260591
693483
815247


450441
743492
422588
748348
530285

861139
808773
950752
3963
178348

400112
720772
995206
12354
493762
281903
378786

797224
902376


307399

377006
20514
655235
657671

747238

216562
160657

535920

784839
793895
687926

101188
561475

918510


324590
726223

535907

994711
194574

500866
257536

515111
858548
257476
746793
379292
657579

855817
4472
177270
703739
510324
19926
36755
570676
165992
210594
107481
588053
650593
607672

742608



908049
597686
355198

777131


491267
400288
593079
507160
334897




555567
223349
919455
451903
195855
806463
320013
689107
342540
638146
676127
379176
51382
287376

887735
948757
872611
744851
275656
733388
551047
927014
725022
131976
496603
297042


639770
86673
877441

263286
767459
21678
952621

750427
34913






448267

801271

641587
456261
476055
948335
795107
324941
202874
866356

933201
465337
393790
171127
783867
269384
304306
24975

669908
187251
329969
779071
80552

264191
692001
641241
643588
796447
220181
82222
44509
530325


715206
296614
557177


385417
42926

827172
601816


572898
694527

892526
237853

257808

992649

599171
190718


169225
376593
943594
972917
328516
343570
499513
280202

158611
767256

913464

270244


5626

761502
217288

445971

376291

181575

208606
672623
443858
215348
86377

190762

706454

90688
695200



299567

831912
997994
235211

813700
262505



519931
153092
409659
819735
326719
500566
160338
141110
844267
682820
990301
595272
263973
872445




738533

179784
210908
786124
724010

755811
194096
648640
472243
517459
418770



513092
325385
695609
629477
922596


926698

737443
310449

896398
484202

489454
373690
440746
111541
613710
114904
511732

904645

203769
74570
103313
658215
567553

512871
941871
308879
817329
203174
651970
67944
555483
718968
253015
267871
928408


771950
113912
486939

581209


464365
143510
644155



745982
633607
859643


876751
604855
996390

646872



214359
120461
270584


404929

159881
711022

426419


14791
666209
161920
313114
280418
842495
290548
135971


296179
678915
826742

494997

585590


50652
750376




762173
850995

583083
910
39463

730429

982615
952570
206250


955555


734873

30650

528678
887559
112769
663538
424269
997182
30599

897379
772832

155041
327135





785348


179787

202431
170926

852215
975624
371051
251820
788332
359629
153842
964288
902598
795647

513816


39057
256309

399466


717933
383947

63054
523862
216218
649695
307080
188829

156682

329668
364899

404319
534374
877351

845777
211970
503064
474685
468595
349155
744457
439291
222837
942988
234237
663319
709774
980956
128713
344762

723648
974445

135135

886628
678139

746715
292767

832252
845547
918105
849503
118036
200874
621780
760466

396350
570789
904330
644280
114751

323794
974105

879775

765408
376537
537236
725558
858384
525345
413766
794108
738593
742397
15076
379869

142695
839568

537764


252136
62914

722283
472411


538952
769430

917396
866781


388127


509356
141968
995201
679056
25022
241656
193079

49681
427179
996857



221500
323614


951519
427977
223943
855589

59736
335741
96350

502070
709423
792193

105598
157100
331985


13240

213205
288374
269670
972177



277874

332704

558872



159881
642255






131781
5330
985909


298340

847086
700452

857139
781816
571589
957846
998851
669124

156806

208729

829769
503635
379706
81908

26648

527290
275726
724436
846372


944090


525510
109398
342999



715027

405796
188597
318083
717035



620674

943322


959448
324163
463946
328358
528345

205079
411197
57849
22302

236841
503272
579860
127502
65000
215698

438140
452263

713277
297560
233455
205642
96567
787359


6195


714911
338532




640324


669382
915143
62656
632873
240270
419593

996973
368738


767912

468693
185170
663081




480588
628586
729893
492987
701764
714663
290409
562507
155979


181678
842721
408837

542631




888209
333363
374802
706479
528784


614989

579373
307547


770544

208784

290936
25183
834557
519640
196197


812473
298842


207203
715610
756250
372647

689285

912185
8738

596354
962463

631081
928212
137883
994995
57855
335369

524346
576438

571231
475129




173324
746187


951851
58147

630958

19437
532108


591460
324549
598886
389054
927814
25382
589331

939467
534499
89038


837918


843433
230981
559115
102891
201216
359622

713010
848920



827812

759610
674104

584747

844946

218433
713084
427504
775256
881717
232335


86318
738713
409286
850672




709235

811369
171786
570168

605657
493489
47293
613519
650922
117495
628107



864940


93616
518317
785407



928727

602048
504032
706665
73062


798995

659000
320174

507452
943819

600666
852312


376317
129255

91586
766887
359251
275386
315046
902841
405182



626009
238911
756236

87155
595682


454407
671978
697425

894081
424648
584869

341869
379934
719137


655765
241703


922998
913163


94366
314244

537881
739391
648724
755919
637967
266705
398272
950050


742154

34889
742150
979947

921049
207896
565565
646792
299505
408500
109660

953397
900155
783410
638435
524977
419719


841477


860028
361962
5222
904730
394957
927372
127112
992305
181162
957904
241140

875694
334624


653110
2633
551067
249411
289124


4089
184624

844323
684777



422664
62981
144072

893047

774006
979947
984954
175443
691793
905237

115038


698309
6137

564458
798362
782155
425747
911571
969730

326784
46021
282719




566644

264547

113644

938346


391571
330186
606208
80057
993388


337976
680867

850835

614625
826434

744113
747719
119837
134958
731355
309735
702821


716605



110091
841755
466161
915437
281967

588981
314699
974372
442473



95539
966288

107919
160812
511374
707328
556735
166705


591303
440938
480090
700315
711958
462488
877959
168459
65835


454034
323850
875758
128410
393797

388093
141086
231920
729833
456912

71191


581583
379967
845157
958984
621123

60526
864613

823570
562426


149418
60802
104581
345002
122095
407259
311583


228488
486784
147209
636125
927491
329047
48141
375762
532280
142565
355663
281063

349718

713233
199912
696849

803847

373980
556680
670503
358667

733994
964737

251024
315615
205353
278930

556929
372599
593330

588585


715485

736778
425739
941806
562629
654971
536142
62537
985402
889633

852024

323226


54380
405794
280426


718792
490340

183973
603894

311061
735577



149051
81173

14551
992264
460638
235661
73618
803846

308583
165027

427614
83329
315651
122248


735182
504854
117325
518142



370667
917385


430737
351519

332206
338892


834633
166711
292139
342020
432279

307787
537586
784166



969237

594369

6267
849007
720804
99752

714683
805097
539131

740808
919120
360205
375339
805256
895269
173855
98540

581647
144667
559253
376147

949938
414900
858204

588255
190225
495556
656038
877601
905238
224533

236971


296056
312529
643940
867105
484050
3139
464152




566309

580463
831664


175536
236460


223572
568428

971461

778779
932307
17109
657086
737657
928408
305124

843654
915409
474740
910452
101580
837144
202844
646893
246305
907185
733018



432810
316381

167198
435607

118927

833746
259247


497590
519630
680854
728531
28737

240178

253644
835703

317917


85210
637430

170477
566652

751875
895416
194998
212675
225421

577791
276811
325751

230256
24763
199907
622417

549430
621495
450456

423521
612084

886868

342032

287122
735073
403258
891856
11275
811339
791043
501799
514059

906309
333195
328348
662031
428502
519003
789267
30426

211163
640334
551620
668843
836296


313096
317404
707925
992712
473544
880449

920104

695458
5405

785826
829226

95925
502975
811394
186105
354493


950094
809398
600582

325448
48913
145083
751110


602491
586118
114572
637400
754512
759085
408772
763045

885589

648761
383645
103435
246089



956705
785888

600218
833541
528073
997341
824952
125134
795031


713901
634266
726708
999819
476358
958305
701582
185082



18349


125063

726597
552934
499151
185310
734175
184882
28789



545167


598157
357751
471921

880411

826931
737538
814910
922430
133008



818221
525710
828035

303622
666308
74521
971926
288668

44894
616224
324949

944921


331262



748258

307779


17595
160031
49205
224995
875963
859508
76675

525320
870380
984216

426798
658717
88724
726917


610869
379156

915098

487289

705201
701041
863530



481136
271378
592029

684209
632758
337507
301431
893175
941390
906978
545467
746770
125271

117666
608045
556045


754748
776840

985066

639264

657239
563990
638103
935436
893251
38247
560812
505070
198495
865288
227056
507796
762718


207517
265377

870988
321519
223163
376303
29448
64665
27085


401567
864693
649603
705513
639395
367133

734869
646387
134467
888667
183862
751580

389857
894826

451053
707947
435313
706984


431884
383395
217124
718035
126068

538937
884649

271895
263624
919290

435211
966218
182106
321395
626726
997486
357121
922783
769068

957253
444227


43401
851161
308385




385661
556671
141085
279916
975390

860509
436238

34938
346363
297713
233306

146058


601893
144353

739622
831139
68186
608661

765515
741714
151525
713656

866719

645420

306652
358620


780013
429629
916270
589059
908785
666500
395612
992971
79418


701772
450976
898942
967021
260097
563606
504553

173388
907446
258982


129658
511318
266954
964769
26206
872860
690314

853670
258712
372508
218739
97911
439506


313704

841119

226932
699585


828539

794252
869340
976698

151699
485394

996245
310262
294099
447994
584582
335756
797403

456288
194079

395066

13508
656122

687555
454767

468544
169255
985238


305851

481816
822645
506271
742571
689445
377579
394187
237213
594970
794489
679755


744806

59788
886454
665275
14679
727720


136598
543633
307384
195093
810365
645701

13255
237178


659282
625320
666399
72454
77607

616665
322178

823505


976872


326300
307043
585903
733141

418621

77775
416153
439351
674013
625077

802308

12948

305286
405305
647919

943591

96543
417638
75049
119178




358705
913385
410380

910606
962801
398972

778809


479759

905205
649613
595783

663998
469407
798827
452345
366719

307427
898584

469318
603970
786038

436923

285736
745228
620384


209463
675752

400528
395606
103043
856979
249067
949919
548328
369010
817871
347110

380789
877256
671432
334424
422430
440372

398407
938542

995874
75415

682757

556832
962131
6961
170582

812614
829977
199819
549551
959217
185952
250362
334673
469361
717693
144625
12309
917996
585770
757508

310430







920039
490235
997289

391571

24269
150765
316274
920712

594424
900218
422220


984314
840051

437918
5819
118812
24724

864229
122544

574799
51000
833024
708011
276683
56737

915939
215035
749508
431571
148493



87936

467219

392699
282771

208462
495633
537170

913334
489059
603290
559179
118144
721149
491752

707651
571624
558921
863007
586405
800483
659240
876956

606846
137111
416104
269573
61365


700963
432240

140313


472514
594811
528659
760491
597055
665569

452141
842483

231207
878744
640948
252087
327276
864955
165935

725624
417618
869695
650175
852440

909692
706746
799280


90773

679084
902648

18466
414053
206516
949803
653588


355489

245331


597411
382745

935162
540586

820816
197333
10377


259365
187662

304620
590697
264584
667318



188533
207045
168906
269947
141811
457654
946765
582099
649216
934301


179489
875355
884724
932817

85434
583592
485768
406699
672211
596481
785611
516651

326417
316430

815989
990099
553905


270895
231814


529081

280124
813855
464704
464937
584555
158787

938936
879061
36229

912078

867356
207256
324175

495018
523821
215168
802460
184841
689287
675138

411343
671853
567317

258831
818202
119103
957000
685236

490230
476395

802639
706918
777648
919463
162924
491460



273134
949161



313229
875467
691909
375139
842289

545908
31637
467377
864567


370614
554824
131455




306972
825190
225681
759922

572893



474255

543493
226377
395931
767609
865908
427305


522812
674590

788013
199528
518104

42254

806709
450111

599183
372773
521901
712328

796291
603814
9117

611970





225660
265108
731
679840
858559
615460
667756
671777

686136


829198
565821
325900


624453
302670
546935

94796
437676
25445
283207
497479
539719

447548

511567
311716
416093
846158
493139

19724
309509

207573

433127
785861
431843
815176
42405

213689

702561
976573
869427
896912


51460
662441
576029

342639
599855
560370
995990


433803
277394
325172


222951
389241


3352
261892
533503
331836
126663
940355
10314

207668
220314
965521

343609

521282
406189
907305
150041
229653
555455
525674



408111
28941
650862
955422


701034
663289
83095
864879
111683
989537
947856
745705
866924
683827
184289
792447
243868
170924

178147
408702
912851


801491
922357
978204
774368

424141
81108
364999

9639
944162
675616
126985
375600
970867
870917
532621
837584

970012


180688

978161
334965
919962
80998
975199
171213
710795
761062

721090
169066
839925
921925





725243
892055


486261
418979
737071
472492
498845
128617

562382





540690
616835
99096
990807
652966
239922

556613
902546
735087
422028
210029


29594
856957

263757

657774
977017

15256

914293
685487
818112
131810




205466
414497
172880

453856
626160
462402

79763
923334

209641
930357
598764
302831


373073
364892
681333
948746

111614

437686
204149


959204
878088

524151
52829
183073
549204
234559
208685
590462
135455

730309
937180
474645
569302

283981
931997

594757
530499
786357
604611
418655
448967
446902
243665
924936
944798
127864
925537
286705
904358
369241
546824
709015
331725
556226
11145
325762
652890
646207


179841
25879
628408
825095
891171
584213
86700

597203



443784

769438


492483

843786
835656
706781
489917
844853

519910



650451


876826
902207
