160226

14214

738780
186563
367832
478838
578295
659867
293562
476021
523513
290036

586456
96762
376588
353782

668691
349325

959186


843315



973429

525971

172467


70171
245820
645031
50169

810905

118911
243540
58986
407215
210058
699711
151793
439404
109268
535757
721730
233679
629012
190702
517614

413918
879127
41585
93638

309731
874556
349932
259960


656072

729565


373888
485036
994978
550284
793133
243422
583667
778074
750025
880893
624547
83120
561254
670296


148561
835310
924053

116326

984853
588535
562724
301503

562835
16168
219129
471454
697216

216514
6026
543385
769023

246770

667669
50250
581402
231900

461801

291715
804851
451855
130071
563062
486761
716278

77563
525407
260559

93467

811039
320550
864517
679102
282457

376493
689167
237870
611456
472199



149355
949037
270652


207246
354885
578330
733210
92999

554782
383112
306392
507260

187856
828620

279996
283222

709534
135986
410313
723766
527503
381839
953317

642424
801501
124231
489424
220669
645461
288531
452411
657830

827128
512266
563237
956733


756883


151783
162508
552685
988445

175634
75319
271134
351389

200121
284340
679737
271919



434362
769108


599288

802125
274597
214097
961979
228320

276565

439941
364916

809903

856954


493006
605250

505916
413832
517784




956925


133150
872726
765727

913547
976655

923484
437649
265398
821660


72510

837904
139871
131432
279613
157471
161143


369311
589900
122055
89906

522813

532779
17692

961287
23924
910540
460072

512240
115251
754426
599808
631915
92153

371708
343649
636447
775918
609916
787098
500955
932662
212133
139145
244204
170078

151154
675115
548667
541321
137772

185287
568727
776980
145410
441881

970294


209996
536964
554685
878170
730963
508150
169987
75277
93499
253163
193719

647662
646114
135247

675510
418454
940693
351483
405568
850429
159043
587809
512961
469358
204762
901567
873807

947412
80815
832777

474970

171417
748992

439231


900257
29721
784341
199878
486582
482223
717123
773362


956078

562403


556201
22370

182367
900403

579896
706685
498791

612172
525350

768714

51719
691851


450239
957065
359059
524829

153490
213096
742417
957779
949861

807844
298686



913681
758566
197192




33077
257762

563311
779189

255575
702527

535213
523103

776175
408424
135133


114937
798728


445636
737306
462559
64904
548912

363973

500897



807669
678066

186050
2330

554884


643703
585391
185159
514662


937268
958791
513390
72600
771466
977624

314502
797891
722139


224491
194971


823585

354205
557631
882616
290424
327831
689204
457861
650321
638120
606353
182501


720259
643207


983769
311127
708467

143434

448323
645564


604172

734474


145329

377489

872578

377229
573608
305848
450927
190882

616304
271875
504512


341807


657481
950763
992623
975876
842459
67055
84058
985302
158520
941319
337707

757758
326122
123577
378432
945393
180210
725491
843036
499521


66820
180272


806209
743353
86929


399528
905470
842726
935708
595425
81903
403287
790912

686669


721090
716500

397109
1095
571836
9243
135289
488399
508445

798520

482609
840210
510371

864594



834812
326573

795761
824258

588663
768440
915112
516302
530720
121272
846255
415629

124624
426409
311848
542188
345752
784238
790390

922244


895769
198162

275467
959845


488158
639642
910209


216712
213735
693088

186506


246858


504877
932484
329440
262487
392004
754035


845125
271558
932197
430592
509876
530862
587422
560020
808419
559177
927199
947835
738309
664876
920882

245766

551987
183280
377318
181108
886652
419154

188182
296525



666504
832149
874734
947521
387289
335845
973987
427190
743287
510582

585502

537145
664961

590715
796287
264788
170350


174698
515166
840055
612386

894967
654206
312997
987920
519267
281678
636002
445568
422761

913500

593079

318023
657120

962942
13827
839955

240316
644964
297430

771132
785713
973153
109398
299346
296765
156573

690527
268514


582510
435342
668908
44800
401772



842524
587165
280315



137213
436273
523058
712468

22547
210401
957631

927316
773615
948285
774274

286019

891872


454335
189369
554311
449788
891306
593673
452875
122845

313292
979465
922972

415221

947329
847393

934323
906024
944297
65063
579521
790980
958259
585852
703729
806482

58147
992683
197407


751656
107849
131285
139323

825087
990635


366455

347779
302310
809508
167193
504117
401180

537442
494431
85994
884792
718705
293995
641386


184066
195609

694478
563835

469135
798205
381571
424690
684580

109908
171628
565002
894733
965568
742941

509167



257027

266895


435838
604419
547577
529116
606008
218266
266581
359814

927988
620576
764809
613706
113755
76145
497178



550944
52975
532564
305760


960517

248438
455238
74431
483722
51830

728070
584566
469033

616487

430868
978513
91245
625513


272146

427575
771466
912398
900316
615488
920859
666110
678425
925036
322252
150417

536559


213165
318674
573768
757059
727425
127737
35906
627888
674275
910652
205943
859695
365561
619738
478203
413580
791353

381469
961441
385281
682473
990266
780673
270244
174272
516764

136887
950938
78982

822556


612201
738176
296645
212788

508517

221296
112278

73508

454847
517651

644914
447423
896550
135259
214948
184330
645518
59680
458710
739973

659552
221767

698059
386858
22211




327867
17441
735247
384990
318820

102803

109325

644954
769269

28742
842714
705981
631618

774571
632022

120523
570665
878897
290343
311620


124139

605141

400331
500499
191924
367499
785223
921310


369812
971751

396803

752437



66995
950995
951463
645352
317948
420892
839018
784213
645841
479101

596813
943972
343712

903
431994

894850
533370

220468
349267
901990
190459
891991
997400

613585
440899
106455

476004
928717
336803

721737
605861
210453
555172
237383
697209
575765

282213
126059
220522


249046
757842
391368

400132
32073
81534


668520


978864
720828

275321


732767
960995
767635
120589
127731
356961


538863

310907
939448
440539
664756

836573

145528



547871

549398
288804

125055
205535
430127
496065
4645
329894
907042
912159
932998
284759
106978
903892
308771
248535
80903
695835



433364

211051
764618

365037
828488
737122
296098
489705

780534
650779
331147

183311
305079

592254

370606

391710
34290
442955

176992

3915

962416
479188
670154
799000

282314

327374


555177

304718
308658
544266
243962


786073
768016
833340

178483

563921

898252
52367
119353
318618

299059
444852
780598
193370
494793





290119
397019
762385
902398





801695
564379

717604
847333

977134
98279
88738
686254
258511
445325


485339
402958

198965




386331

300223

94907
777403
14865

986368

192072


801727


929304

732410

739905

958291
195285
818476


670814

338078
79379

674754
989414
271415

435010

269233
878795

133755
611473


585567
174096


567183
891074



273609
16110
985508
549703
924844
484247

657134
648242
607966
853292
41784
914893


630644
691675

632976
702151
743994
946591

110560
57285
201742
70117
99749
937160

980739
821514


796853
313480
916571

429038


178747


59645

6529
991488

184754
644673
586454
135404
165649
574594

977852
98202
741303
754574

127956
642944
373508
43483

204703

841909
283458
450341
607058
335579

766696
853770


249193
94111
108155
397239

73402
760576



370822
81240
190791

372649

863791



296772
374264
58566

555862

754028

51401

214976

455792
794284
996470
286799
944610
150574
97828
561641
761574
486463
861265

856876
434922



469747




943653
887978
228369

626045

890190
718481
823618
171561
634705
795491
362082
216232
963291

155535
322922

750881
313962
675748
820264
709400
968921

701559
164185
781961

570910

32537
915500

921451
344402

227528
423390

302579

593804
607560
92969

715323
482079

951023
36036
791898
538590
909295
414182
25805
451366

653687


673816
350518

144342
224417
462887
373577
928461

143940




850964

827296
850641
515099
172631
946294
337847
753667
37914

374395

54117

950250

779821
616006


979599

882963
506431

705525
617927
977700
979983

670560
59618

16291
877192
73558

801296
315422
90454
621014
684403
980322
109087

948563
255075

813101
984289
937737

487571

927831
637529
756877
90156
557446
937891
407155

443172
653412

783222
729574
291882
918999
681756

572942
406602

96277

499201

469198


614083
4332
5746
325687
804240
887610


752811
746817

820412

270362
451041

949230



909402

494123
738086

26154
86976

738283
21465
421865

969419
366602


916413
933438
713584
228141
842041
169725
101363
903746
31968

453716


777038
606711
812722
788529
575760

124321
623133

697320


333155
829563

682256

677472

606495

757790

815707


696602
773143

436005
340521
846543
779183
486321
70884


910114
533222


632566


898109
752718
432890

53816
607673
279672

758049
253159

804910
536167
657482

926230
699293
126666
922379

640375



964112
357389
176226
927974
626267

264471

748463







324064
830909
777727
629896
604392


163949
499406
172780
286242
928213
252301

142273
206809
166983
306474
557129

342060
927490
732376
754806
815604
308172
1930
941601
681234
281612
863661
978306

216281
607519
595686
244205
837965

725854
344189
550529

309866


740911
145690

535732
392692
521867
513771
145087



312515
327513
230552


202403

62139
39617
964747
570070
626171
690336
249001
557863


998094
554676

931927

316889
185486
285871

270384


613913

980695
25961
754758
680079
811730
650984
606909
680247
224228
325911

156296

641501
611935
352277


314138
542925



291144

455659
862202
112461
695044
864922
9715
784177

112619
570872
816403
687192
269944
185884
173998
236569
997651
218207
312288
780423
38662

231555


630355
571977
206404

863278
466413
522032

593942
534463
949277
32014


450566


842118

145854

89574
933483


400895
402660
827077
761724
460101
670836

647152


226862
152005
399627
362370
682410
720447
969422
651460
504416
235127
91472

757154

856373
548965
622936

429387
104713
335231



325948

730756
852371
678610
116012
63069
462073
371516
491839

108620

130654
526471
641837
279856
586827
670376
233165



41443

639187

726927


373933


791518
511741
980617

595836
396787




765061
506902

710005
240292
759766


444685
451297
705176
579588

142030

9344
371528
20521


891078
768988

800971
318837

892275

711756
678869
869492
992374
207922
652119


67744
195239
153927
989678
110385


346845

555538
653670

397472
849105
445679
572828

221111
946324
306792
45772





217745
593323

219081


499571
995559


841232
870162
834902
972798

199890
911390


134052
522054




271314
660424
565835

825149
131287
395955
989438
245735

780174




779191


114674
850299
409961

739842
806668
257061
385760
143703
869505
723192
958972
505474

404857
199507
162065
381351
89208

358322
487678
44344
66887
30469


817841
153674
584681
733227

385902
224105
420310


211322
961015
536233



797324
784807
725025
792025



610978
970241

31093
397366
307829
291567

540199
920143
10988



443051

184070

67885
420283
611834
144127
950084
575081
401891
602749


190351
7353

578516
586438
64931
309208
730476
573630
251351

769502
844811
394027
554147
420555
724392


566979
897938
166018
36829
255092
250647
491678
764606
211060
956515
41540
604426
699554
803365
127102

801398
828816
137247

824130


287011
313282
966621
262429


180945

463665
632623
80633


851658

69609

359942
121035
834203
788549

98696
823117


377970
685378
125721
35888


165292





554560
466881
888051
223514

149464
226128

95584
312029


305327

834802

957659

111269

45150



851275
573869
76757
476898
785933
236725
909850

272615
695889
920394


58691
726186
270941


198395
905221

735824
982714

271850
540093
378073

387418
4830

600321
849281


440637


191233

292655
422198


249384

322982


194311


261167
764076
176861
252391
242017
629251
483645
464035

598809

531369
263712


489690
557656
419642
974809

531547
723378
159898

102964
306792
687705
281988
940622

272309
622906
119713
918029
225740
741502
80682

734971


123136
957839
868643

613689
715588
88560

558024
981902

546379
1598
231232

269562
72189
302023
230592
872641
689255
373672

442689
308846
179590
371786

480756
767516


856975
438129
904035
172275

487245
853350

211791
179425
646599

587246
694164
928244
149261
269925
340851
696336

799576

263222
17209
130691
337408
407409

91490



929707


68521
752061

30636

918356

550177



35470

746800
51263
69614
621960

533932
341736
403791
65617
193600
923654
621859

649494
466050

113886
674449
233096
697473

261399
204875
525243


662127
504788
510777

146846
827793

528960
172047
581467


337517


878906

161303

941630
784820

849258

209335
600427
33293
616844


395762
220034

196192


160309
565765

482579

669954
293070

822941

595822
872607

991791
458380
798404
590731
529525
49083
574649
956965
637905
495438
597217
279578
756591
222194
124304
586696
609334

543208
578881
246455



522713
786212

540203
752656



917273
715965
703162
106995

665388
175315


974802
690299
930642

799704
925831
154771

299589
748155
290386
601634




458250
899378
219188
994914

827976
132856
634181

627579

6358
916797
335452
811135

968583
66809

171033

951528
349737
237101
139464

416520
715101


842561
930124
131195
58423
511484

32466
516698

485008




269301

669068

99105
300647
626742
288311
284225
884950

427942
703804

286430

395635
602820
541003
539862

235765
967983
263935


951303
501859


366111
150686

439542

679029
192960
177192

547197
312835
215144




936028
754422
604342
612422
158708


270092
90611

378279
118958
401350

470873

981126

622907
933489
455543
883397
811951
5370
544126

158935
212163
300702

742185

996315
450881
391344
720236
924124
26186
921443
191923
365417
938356
849640
242527
678948
76675

405103
225715
592666
254288
114663

540938
784507
396141
251284
553514



469075

496943

761047
668056
28985

256943
315699
585842
299216
207998
700427
119080
195088
971099


75877

298545
586534
381530
316870
547821
842566
995479
140439
449758
886784

181357
805370
545831

785072
66309
524397
684640
25529



1847
900396
215825
4587

1691
213110
539872


432850
956265
587263


486270
725717
382623
622160
656265
925215
863368
455677
603120






224814
615585
876923

459746

440932


378443

97279
391591
422257
425642
760030
130797
361825
726034
145111

130793
104667
327128
181445
266813
933944
265716
621081


332627




535454
935705
175573
725456
477781
852706


770761
623993


39606
254321

951479

778925
371425
726453



341159
866647


456340
603646
5119

141299
711484
287416


631212
667374

105084
836868
681173
85771

630752

841074

748592




950250
807415
486683

707867
565584


710967
435021
293809
10112
646368
326952
458048
704082
126978
899385
242675

71281
507863
544015
975652
333911
359890
947268


588266
306766
869515
730713
798536


313183
353802

4497
57205
79867
298283
728252


78204


25760

559753
245139

943182


46512
121494

870024
403171

165211
272747
426296
295668
774134

598674
334054
656967
684356

219435
212068



159170
186781
708281
130446
47883
166619
596049
739565
667845
680642
478154
642396
114833
284927
431438

348145


964206
792616

535275


307153
113578
479599

122412
743342
903031
828156
498387
76149
104333
827255
598535
462872
958676




711413

955610

253260
629363

693042
610683
893919
122372
94457

871023



836976
966700
232230


499403
103609

328691
278238
678066
985951
204677
366930
709891
429790
702320
224400

688465
645601
913905

139885
379823
281976
187998
299912
452910


877252
525416
415035
39054
541371
729041
587465

543434
153616

400895


508580
701754

676295
286637


814061
808092
62352

802600
69427
246355
301142

95265
400896
636029
547419
514712
244026
152221
982648
131292
979443
775844

333483
929653
118473
935827
585837
567388
363640

167557

46340
67273
591098
581535
100430

393121

33617

971855
682975

832863
616054
607127
280135
586459



956642



799424

674215
479591
349027
996958
921550
324309
2260
765483
715168
458964
556333
334951
731257



634800
647104

623526

636765
996868
768763
814561
745717
658055
788414
99167
49529

71688
676906
280325
537471
260617

191365
505050
996105
264805
134647
740685

235776


181626
338961
100941
332095

372920
258425
962120
830277

86391


554147
670512
361180
985294
538160
937560
867084
858626
384027
214900
748774
888738
915682
35288
736595
540510

70373



827009
428586
61032


367144


793226
350141
679599
678293

919791

592409
460105
649368


77389
852244

507168
172820
369238
619487
808394
537635

847542
498988
48225
703775

262015
970895
176121
449332
596340
259768
261087
767404

653179
844565
353480
152259
769277
821703
786000
402627



937654
762915
434050

390146


998396
703483
928669

419863
70306
388644

207656
84015

633095
714112

138193
499209
363367
529724
959424

951192
273849

651258

195062
963676

760974

542670

382698
775476

672851
462181


579498
57766
847810
225551

551408
615084
74045
857470
534813
986551
581449
809060

128761
613211
816326

426598
80199
293369
868841
620733


750602



521847

860007
447545

102542

108996

43219
152674
638848
808983

272791
683250
454161
965520

60432
259088

665045
67901
927740
793384
201338
442669
467113
10282
179619
619400
756820

948350


613119


840412
331290
241519

917803
502116
595280

983785

421756
187751
195810
91942
471929

469189
632591

996933
466156




622567


523607

500365
129252


692002
850256
501659
599908
884850
387657
319477
513836
924062


94175
89388
967734
612777
144776
541562
343832
517230

570332
913081


84442
422926
39446




940373
800889
944217
280480
964953
239932

705074

944470
183950
426416
452418
984996
290288

131932
211053
587249
778146
756259
778878
6382
138876

601125
127395
105521

528277
202425
855188

511971
252246
762446
568414


348402
390226
753987
626609
94367
266740
212176
175991
700622
333105
569289
501938


340484


11947


227722
880690

825303



477791
73797
7630
116660




541319


920855

123354
494969
633681
773409
725449


639849
482708

804885
324246



106612
432728
341545

179050
947234


187011
207978
804640
53740
911901
953630

886373
986865

101896

688684
733451
544256
838625


584177

835380
831116
651390
486889


523110
901641

23027
263897
750095
273263
709491

443068
471098
826109
110259

400384

931323
25819


64203

344174
944411

477782
198210
358474
591143
308619
875009

517008
631951



174512
939177

550442
866873
935310
683669
445080



740019

496858
536397

834501
144065
975749

737465

139976
425840

828335
873455
215287
806740
151952

150115
37924

187530
460963
719210
110217
203409
475792
659944
182832
624254
740780
520584

943621


55885
552401
30129
437830
576364
575705
524486
427780

871616
868400
196964
422400
758188
396973

942352
255012
583802
654263
399321
544269
295457
480360
92541
57226


116477



126396
566934
490032
558404
88451
327738
459150


981990


960477
785350

25139
493484
715911
461308
838240

195254
420354
49125
494031
89906
535520


512052
453218
821882
908260
694050
242023
224346
177913


755294
37090

607948
496625

529466

55500
71264
520420

962079
437127
535317
811485

261403
510075
852532
402602
52548
601435
667409



835699
967820
692763
733246
140056
983188
426544
562302
71377
422561

264454


433719
681864
700347

343002

24131
208870
685657
805683
727179
316289

827406

10516

49740
717005
461252
464121

93472

264837
156871


48473
259624



928201
582561
926604
38648

277632
625235
978616

209636
651050

434538
885736
396619
785699
435885
143859



71161

261333

584532

937624

61320
658185

491090


45320
87859
781185

719989

213342

859475
75035

683432
660909

573634






248503

508084
957029
898033
809980
89942
45610
564536
648110
145339

465249
532427

334421

175586


1332

502252
566264
653976
964407
912888
865823
55053
118855




823232
582827

765710

938902


15704

779283

864487

191332
539278
554312

66013
792750
942613
84546
204456
155706

652804
638684
398324
980623
384482
371722
411226
57219
840452


803927
978737
75807

74535

885616
183976

344547
11314

691924

637640

874902
608847





157685
604646

521347
481366

847964
559166
948568
722287


43413
831188
217655
671944
78248
916200

375987

270420
545980


999636
563335
198735
521429
653364
477372
20768


277699

532688

675050


892101
590748
639142
505413
197609


463671
944639
733198
606564
144859
54164
970174
742154
523459
562145
855062
96248
610786
286090
402746
51308
950919

163028
708735
243467
564430

663998
295095
506496
209945
219957


703318
777723
523131
675366

810270
594223
209974
693621
272694
735645
502621

832409

54465
789233
727943

63830
827976


509068
720905
857530
586190
51868
507076
792697

265449
644513

237306
197721
111979
760594
851117
311023
639331


238477
451388

22763
500577
982499
798467
496881
673475
90902
233273
8102
408827


807981
706977
562835


592014

640175
293763
675096

254173


837716
75904
17993
422680
631424
288299
134215


993990

96277
681183



137402
868139

413981
993681
175806

550098
30109
332373


442663
608839
134744
606174
64244
941133
126191



48717

340787
656645
126072
616375
736963
228830
652463
713252
301768
45913
827540
135749
708890

729637
688377
180810


399820
929887
760740
82298
502643

312414
816658
352360

157120
148292

163944
447585
583119
886930
116875
778955

330019
24299

472881

314381
966169

536009


561449

104148
257763
378453
302049

454492
284132

258477
237869
487522
181822
227100
758822
807246
268577
587166
490267
648048

839275
872694
749802
417456
679748
260187

199189
793544

299
477023


800214

654055

386939
712468

3743
730604
411472
188156

498124
546497
807644
817819
998491

663636
127602
89464
540880

429939
269204
331839
967426
611138
93990
233602
500873
463079
347548
240390
548946
304173
85314
721811
500887
874289

857304
691983
330222

546857
947248
785988
403580

240229
833028

15713
249785
359605

118640


543732
567203
895162
759958
874545

138830
931542

943855
100997

172792
707242
119060

390881

348240
661930
986072
874448
381552

280530
468641
281239
902826



143767
887943
136576

299136

576050

289761
885962
374132

809687
143943


333276
916128
667862

144673
244140
711990
644276
443898
339999
673190
755552

29420
744177
963185
419260
193516
708184
881709

328191
167162
73493
604909
615810

328329
173104

757325

647700
352964
471267
729840

604713
673836
713701
236599
210702
753406
123858

582065
363006
384066
685813

481749
910071

636229
19953
493233



50725

493146

191697
946278

378027
638501

510708
147597

327249
14678


686094
323858


996163
175282

396583
588712

950869
755976
474742

280105


663528
562448
917197

189590
309846



774000
210502


879272

794890
38753
592811


675569
952772
294668
662158
386318
142709
750491
557145
356529
825991

385358
573696
184115
69425
214229

339986
160462
906032
368914

697117
7478
429836
612505

404811
737432






693274
963460
375489

491270
275838
532739
394766
244515
474893
260625
527118
995769

49077
309266
454927
493098
717989


28174
180106
716815
440335

339541
331084
132168
780381
185750

565372

822118
606749

287652
931455
20072
640660
795171
777678

232700




812304



843359

924558

757148
872515

202285
341045
720072
908178


922872


884950
401058
547983
812137
744230
613539


544259
799980

224461
605574

140414


595402
132860


962079

506572

361704

780161

60178
873982
930129
501533

867302

872081
264537
92839
360636

948013

252453
16507
242349
155773
658699
418179
153933
496068

70714

133460
162141
153555
592609
299014

872422
240073
538011
433242
859792
235867

461269

166369
57696
528510

13283
869602
811245
544856



768487
817605
589002




588659


75674

475217

504682
275779


409705
421530
42513

207817
48365
272515
527938

518388
8411
611519
155134
465776
896919


730537
266862
670615
922494


335776
288261



950512


411580
922129
411195
704715

98906
22503
220288
972168

84244
873733

163158
989017
908877

461654
340946
439907
111558
742148

804464
343935
400857

617536
109807
484228
161749
604220
889994
110545
317972
284694

143422
821966

106425
415311
562752




141038
244675


753072
467356



543644

123534

89553
823311
371497
146346

884526

761079
119308
673392
981423
631603
126457
766290
962443
879864
676269


782456


870993
358300
483615
377168
115754
340321

319870

586418
363119
81489



894521
725194

737728
81128
982538

249359
967094
653416

592689
939237
636497
349928
755874
184497


408822

46246
673717

663649
465082
837866

620895
413441
325000
33321
156974
135764
129269
850869

105591
323690
431718
36736
59729

643911
712906
996476

953890
539046
486571
253375
688789
876940


724617
220714
702196
663579
530120


483663

335161


459097
370206
425809
618098
271641

762934
710765
700145


901775

96487
723724
504693
11774
151466
647514
351656
33520
212086
932732
10335

196830
553437
698143
580100


645854
152555
865289
394426
131580

615124
87847

687575
889841
174495

566101
987252
694474
914082
762706

961752

94932
312767
314867
55471
300988

95887
117033
47303


310133

257066
474513
502083
554205
506188
755500
954156

116549
381349

597138

454954
646729
720845
910871
185029
371340
596903
171245
739131
814067
350450

574023
967764

571147

294174
495219
649156
51967
135160
259483
744305

164885
997831



634631
572045
795176
123842
81806




592286
16050
142937
148415
706501
835702
36004
763286
182996
991973
73603



999266
742456

547183


244363
952913

999232
847497
429644
508692

311691
227740
197540

618440

309956
120603
934902
60746

16583
73530
549426


382473
539441
613368
137304

130064
551419


387925
250038
616536
851593
260694
281690


110708
112027
142710
96047

922305
112969
816600
450481

250586
322183
146064
678037

502436

930839
517967

429532


198105
113875
82148
604548

15350

683379
578062
472578
107423

117813

865408
748836
739974
961705

414466
415168


512464
165597
311823
54224

924629
576233

833906
900656
4578
847197
227504
50567
196310

648948


841210
822736
411630



611328
505633
659571
510432
203981
384619



937686
660065
625228


400825
273117
777046

217815
73461
303589
915807


990634
32310



779964
803944
509398
421794
389742

44625

460485
120981
930501
759007
60840
768449
956024
705070
510356

291410

217536
23723
814939
80440
547662
588552
816357
924873
323815

369947
247214
892903
648650
890828
139123
851713

972267
542229
203961
261629
885113
503051
422074
667

882529

261281
275164
66015
340791
811840

382451
699255
165432
3411

986138


677290
762705
175532
80321

626516

883483

868384
45319
929466
383278
203069
335344

669367
418540
535576

586839
800360

785319
926632
482453
298696
480061

569710
360350
478261
795570
210272

217444
935622
101121

838871
989501
153587
472043
431296

915101
446287

195646
231511
971018
276011
271139
849256
611760

196466
15789



728710

541468


362348


177614
222842

377815
595113
401482

723391
65600
250756
81699
122894
719219
547002
951976
890352
891129
651281

892479
601628
895428
210555
310073
702155
472486
985770

244303
397131
973423
14343
271001
602007
528565

370421

874698
89599
492287
371534
753154

596624


333020

38556
189622




695720
916995



982364
751800
984853
962955
616269
353026

17074

13937
519021
126916
492719


515660
933532
372529
746678
72641
63635
238330
970665
162110
540609
607243

844332
904751

276068
269510
530333
158055
836252

614532
753547
394133
551997
367042
197560
831091

328726
444180
951714


239422


252467
974909
626618
307721
83122



18884
316257

653343
34884


581918




698001
865080

855051

92836
764386
285811
642259
771982
194249



572857
480371

73333

315111
636218
427223

450026
105701

101676
57016
821042
587089

728421
367328

974181
672112
601986
709530
233537
772897
298857
356776


824061
315256

629182

572911

521154
203027
864635


942020

46891

240103
487418
542487
227555
502163

902509
923119
865315



624750

850964

662091
962699
9899


6812
765392

168387
517303
841808
874843

156891
496129
950938

610741

728824

29026
772300

799469
612619
41294
546527
445297
71047
282892
426468
373138

215522
897807
430132


963949
908292
924745

777185


53025
37275
324773
313603
224946
471821


991099
411647
516629
885337
35763


979061

377883
978820

96980
419620

48743
794721
488933
351016
740155

652469
97612
347720


686178
663800
644060
986254





289098
321561

877396
861037
979038





224286

421037

196700
976813
357407

923046




326339
616030

649764

685958
976068

733629




103768
908804
64252
264867



413557

489917

728974
707929
65156

651406
996430


793086
769153


714825

640739
147514

947618
931649

284931
59074

523454
721998

91083
287962

795920

89438

550231

393169

282899

859576

525438
899383
606341
359933
662274
913688
324335

482807

800464
968841

120825
811633
984958

282010
816663
32328
220120
549035
336627

412121

146735

716000
80072
534389
174703
632958
771769




30856
92724
369369
133674
382885
202453

752458
820590
890088
555347
111037

491860
966057
6188
63733
781916

557598

315515



51511
258894
131453
579757
718474
763577
389446
516843
819607

959241
335552
177128


369444
711367
253497
811296
2320
844524

876447
610353
586621
221416
165779
591798
518327
968365
255384
848980
410100
418364

324791
686954
844226
19588

970518

803142
619222

523831
441885
90832
774200



218795



1943
497350



209553


875963

436018
294902

533216

160877
978310
488847

222723
542262
476134
140093




920751
966938
766180

966133
157019
27727

776157
325752


690981
908597
20780


506463
624002
431791
415162
382061
464012
469529
290051


331954
553924
641384
13940
893974

697592
970856
809311
309936
16968
900719

908178

471400



938084
197787
779375
817157
258736
136713
27494
569669
885308
77458
231576
619676
901214
767067
529215

702626
347732

107744
114659
860710
511999
120221
704629

611871
728856
377545
595483
997205
449038

714487
823985
887767
221458
714392
950947

478316
844827
496808
813011
479931
243853

842184
667518
882592

812659

908118
485045
398987
610780
548837
183520
605081
968038
8993

195627

11283
267319
154284
54905
272756
846377

555994
649508


156686

635664

763160
851617
114743
532693
828712
418458
462604

369549
297262

676450


72898


155434
778452

220670
650512

463555
368199
961413

171426

622152
67056
212555
719722
185477
920085
551864
192876

731513

673929


500239
944556
9386
509206


643827

240476
447815
236080


26472


467092
290459
601830

303907


312505
702892

28857
776558
465323
133581
368072


313415
391660
526822

537994

533145
584945

112263
25888

17045
656819

145483
997970


101046

99232


377500
326021


368765
215764

412486
930621
986682
791375

285961
578292

630539

619722
30483
442747
217408

280380
778947
328129
334395

224331
160052

456729



514957
220683
857420
240726
505993
201946

216817
536636
217325

307185

361328
614058
313670

223414

804561
901814
465410
674002

840845
133969

623532
264305
547847
832042

673095
797541

153097
583755
697063

633251
401792
556327

186097
692107
630068
789738

847562

8483
648787
851516
798505
189604

643957
929900

396159
726121
887445
570420

131431

203686
702065


429949
221329
763515

212794
697651
514606


426969
849305
979761
438971
566438
375996
546498
576802

849823
465563
173346
198886
239140
95659



379659

409088
974943
306419

430212
764733
725492

279888
438377
545960
376705
587219
645661

251448
581128
247589

542552
642243
642780

727384



359985
870176
922867
740392
493615
591784



727452

772164

717109
754085
550410
572156
548024

781239
372771
29248

862840
187923

924193
715789

113180
22311
663257
301349
441897
65372

444928

563257
838857
635008
337113
53971
228596
716335
2872
665863
781931
233332
739197
594806

829296
346784

788817

378608
101731

12869
7095
18493
509838
608859




582544
22004
307562
846697
65429
908382
916639

63252
895918
527556
614377
534900

721349

290014

699931



4611
897858

148338
748384
734760




108339
775938
552613

575984




12019




184244
131680
529223


296618
232131

451101
757554
864650
143629
156783


964308
322328

916301
82014
832311

667037
751757

820578


119177

694074

12876
514348
491936
808179
805360
556146

981596
288252
376073
344624
999910
893053


62022



203738
653702
382098
835910
350736

970281
198979
699295
985771
968954
593979

429608
515954
480167
925246
435016
216967

469257


605171
764446
527477
632616
369796
707450
252082
739057
882621
933286


493071

124086
742324
20434
228524



455567
192959


198427
926429

119314
690014
525804
841395
133247

730116
564060

719460




450989
117538

73149


901546
855038
883544
772079
878446
868007
440764
619104

545245
635853
724613

77304
467764

495202
278282



803588
600110

818308
66873
908581
830254
534609


824888
860337
95706
401784


544466
310885

306889
136600
79794
536161
198849




422894
180508
618043
427694

109497

789732
341870
307141

205281
891406
742779
867924
747436
644381
826124
91894

630137

401884
899477
807236
552694
997701

626006
241791
986073
983638
253146

828611


781424

132142

480187
2319
931888
714289
77564
664091
763830
69404
947885
399109

731110
524327
127935

847260
617558

924406
728154
874750
744491
622024
896405
126418
791402
56014

537572
607479

387077
126284

964276
753360
588346
954944


113575
975276


332287
31119
370568

647678
982685
311153
683561
746237

361379

930760

330345
322754
65071

46075
34559
857891

694613
528723

729194
865155
696948
798442


406886
559571
129377

995530
903539
300987
42100
604868
668626
728435
945096

239234
133135

17653
313411


518948
573424


955091
315277
998808
48948


671973
776867
925341
397919
846260
758302

367414
406672

297702
681611
59713

364008
419483

356635
888673
892672
460831

859644

136067
621294
161989
259821
626717
869015
712150


280009
737115
54157
479097
766538
956808
158791
530978
182169
642206

812874
205797


389277
964777
699023

125779
220943

820851

794320
817913
999781




169492
80782
107334




689300
60413
73269

494527

618735
973287
931947
185608
340702
533276
150834
222790

181878
552772

546340
158246
354900
873683
858253
899390

564989
326172
791010
846645
97631
571522
241385

548095
456025
248954
953422
70975
756621
816759
812484

340504
391831
364791
499698
409836


281690

41816

960585
711480
412626
17062
245627
475938


832198
646091

715744
733232

793523

642443

98444

611744
594309
630345

491058

453799
921962

523841
351837
632980
636873

797568
174578
153380
414824

404229
550696
409657

577631
140105
43166
346655

655768
332610
926096


434124
267721

500638
262033

949340
118631

461679
346366
213639
312419

573686
103313
475951

649036
144273

908950
509552

781090
58357
36468

980044
408227

286609
239301
286500
316842
661392
226557
558926
454798
667048

901763

970079

899313
678596
158876
608433
934460
512005

243181
159791
714085
297750
609520
518882
600139

751543
427883
261249


811884
472348
301649
178215
199124



18750
675655

438732
391048
896246
457440
937254


140572
884992

5218
394541
374885

754563
219696
774290
491735


203797
571024
81720
573149
276929
382099
327901

132201
28897

594916
562159
546242
838681
188046
739037
627637
904346
448528

371231
413200

954336
114132
749580
802830
915267
175935
846665
793034

762316
426702
5104
118136
459192
378999


741953
716387
329225
902396
828425
886266


605300
185940
744205
384615
152700
336115

286188


470788
941270



443806
629987

645069
970057
241428

163397
451841
14090
734404
45262

555300
531425


977380
127206


429053


205550
646954

673780

112765
915598


541866
115026
608834
878008
951423

810243
162451
872202

273859
363163
925930
779912

55201
273865

508356


81924

76175

53375

299670
125678
58743
843558
382414
400152
743712
81652
559051
327279


635030
319792
291324
680723

562958
165200

979917

798069
200310

224913
539245
435006

305953
295869


585405
39345

234432
221455
561887

221890
364540
664925

843422
601957

299415

2422
638249


443231
475988

703255

163331
244659
931691
396765
206638
814385
180229
713870

179631
1910
933508

321787

960817
691970
956226
747181
302784


264867
316846

267518

134268


622814
817096
743892
742461
516907
823191
653369
866766
150333
531680
522968


896720
592220
502929
111337

762273


640564
445135
567294
974344
310114
428909
950754
354298

762921

250086
130311
958044
163797



362259
522319


417010

146502
155824

832276
356288
301724
840175
220363

998376
340840
619429
206661
924422
787342

932606
295049
633720


13843


911482
515576
500842
789804
882506
391164
459134
963380
134855
250394

162990
304037
637198

444876
715711
730375
88556
960137
476968
237897
429285
803018
772532
900079
163015
170431
983076
404919

954085



620407
507315

521368
561064
511070
572648
684992
187892
131095
169052

469604

761834
222584
344591
915578
112339
54212
276895

826889
66032

258202
263882


211987



156697

625926
145088
881214
361748

155184



594315

126764
611389
313247
468343
224609
181615
292932
166658
950010
195530
467336
214431
470349
323986

470259
445977
669340

25785
340692
190126
846680

405971
586524

463109


172640
290684
902091
407600
200421

99905
9953

465308

72397
279031
18263

915851
147131


907854
338816
259797
2086
992714
429499
28905
996340
530377
185223
604483
764211
731141
478971
176903
85145




992781

20745
579749
989266
982955
120467
869620
981884
595643

658839
306941

181935
962815
670189
887948
828784

121895
865575
104315
918334
851789
839284
398507
622466
384169
804305
342452
444477
427052
634275

939018
497923

198402


364458

134286



194405

307241
926374

984325
838004
33130
583151

359065
564077
961195
967806
179217

595921


609549
314046
921467
846562
337364
369976

787478
322799
959091
912664
7043
171197
898149
837002
124302

450349
970602
117611
241047
555634
870924

555134
299285
329195
147125
935616


541565
55285

484891

981221



804923
572547
153792
317196

944972
103697
593082

976285
480326
30253
820045
649194
920930
473403
662287
534696
404367
734403

367156
266452

13440

923428
835799
544816
623504


535990
979838
591236
621070
257838
364363

194407

763272
43943
315859
321410
748631
561071
172698






968722
756418
518064

87157

456329
457183
573041
121491
520727
29964
218830
656865

942361
199274
631821
11959


669310
149881



56582



871826
737977
202060
361099
461456


712224
145337
410708
164448
53937
320736

244384

178277

233127

1218
249088
796849

586230

177068
953046


219613
161427
62147
488606
241869
230701
767697

175630


169406
113192
8037
25914

842448
785315
662010

333268
862046
780849

473114
595601
887900

960002
979703
307652

449474


245046
580785



507446
359547


809374
199658
527487


520802
316080

240632
973345

522137
950912
195199

436257
563107
304374


708954


659544

661877
143481
324683
137178


80124
387731
524835
299850


881109

713824
342837


603323
810272
893798
178714
477804
596122
641138
493211
36345
151123
10650
407150
526431
258367
628266

38232
927981
780692
388906


527705
791249
613593
222591

984730
492323
187404
416171
149581
971504
414261
48873
777631



67044
165249

38087
931850
114631

92345



505705
736444
733413
59137
613223
536296
191516
948902


415579
898163
410476
659047
826543
722239
510600

569711
773486
752928
807463
487117
954186
367262
33367
28088

540002

50355
876781

770867

644540

47064
247296

238199
692078
493280
159635
386736

477485
364743
950263
658359
84548
18458

64673
357804

818074
258610
329223
170492
520756

681841
660241
456254
865268
542046
536813
701305
106499
521053
640793

831790

374548



795262
738163
250231

964150
777282

727793
439972
841296
322410
648771
436909

546457


875030
776050
72732

286537
47860
774473
854445
220759

770109
689704

310684


748677

762762
721027



562990


632645

807022

675038
240646
130631

257305
491214
65678
234655
286274
725192
245653
229086
615375


711067
521037
603689



602652
69839

651583

406206
450833
880209
951505

473042
78631
731111
189316



889915
320406
436353
856202
814384

911038
286878

169764



559030
629125
850882
998849


20104
132759
151873
313875
142759
751571
851400
744901

676857
522320
411743
712994
769147
866446


675363
541468
689963

14867
410970

237042
327958




991281
113219


241317
540894
899124
103930

350990

473922
889037

807333
386293
255549
762622
873995



3834
799664
268848

705891

990260
556590
260840
226763
307247
448999
919187
307555
386872
157023


250080
735442


270176
119658
254582
332958
932191
253580
693519

351298
990582

388417

626217

299681
207379
816590

325578

699962
300499
420471

522499

860127
184467
820745
434790
50692

441235
372314


107610
622512
267014
214774
874321
124686
11170
888870
19102

157829
621880
295230
749651

357252
934469
469587
479578

449359


668278
470429

694494
176073
232695


619776


352769

618022
772068
132050
544883
91568
187690
445902

798333
935937
156708
952688
791263
149371
510951
705482


753364

548441
80541
958427
937345
64831
454089
314362


604115
97293
348580

4414

707173

706110

474312
156569


504493
890543
47549

519221
114924
469565
439406
545757
460435

240938
161136
208507

407311
152544
469457


241931
965738

161707
728788


265519

824979
432185
461451
682503
591884

684458
376863

860720
186477

782699
575249
344022
553721
871448

864237
190708
386235
985877
990134
53347
461393

286108
217781
776839
38891
998248
818367
777853
975863
384602

638062
521312
446897
204299

103772
401659
240933
146359
66654

337529

26707


274286




755001
529563
12234
115868
107318
798583
53831



483724

95984
115603
870344
435845




617797

284581
713142
428447
316279

629824

20251

125089
27822
826860

886633


644982

495595



47771
690737



733140
494340

193421
391506
423490

241836
176151
310540

426038

625536

687623

472770

778614
545888


886815
400242

201676


93219

297676
968830
146094


46971




958255
229707
167184

111451


870902

692510
634386

648268


859128
233484
834559


812828

148142
522603
648909
721190
218790

872488
704050
73563
10518
447802
173942


534019

304922
395843
778909



820872
927739
257906
299451

656696
642309
268377
117246
557706
327450
105732

789630
527607


432886

926052
55230


620290
590737
538107
34540

466614
113833

526368


657105
370879
769264
581343
217679
745988
840631
548890
122624
144350

988643

800460
476272
625035

604997

203999



981455
976733
845792

563107
118269
496359

344584

335521

175836


932312
252620
101759


673960

260159
229766
748211

412909
216890
804822
259119
349958
750291
603911

166278
944182

356168
835043


355809
951932
832142

437315


523199
745054
142783



130847


32873

368581
846030
660957

573320
578363
499722
804051
118839
487309
569215
983279

125185

662388
92941
39878
316947
660789

120134

220985
191599
159537
562308

688427
974564
106629
995283
257766
291420
813642

259805




931505
284279
707290

421873
572210
248487
575681
585631

290255
704383
847449

601718
349309
243437
569724
662335
338942
809781
318714
894933
54704
368482
271190

606936
108956
165028
13535
942920
567313

661594
421018
526376
339291
250660

675259
788655

98590
3802
201323

281592
119426

491698
79260

135509
6548
233103
866976

418420
390429
985969

504678
56819
854658
713067
831771

192846
778387
833680
89278
375426
463624

810119
123558
40758



467503


821887
477016
344856
682778



305700

16242

601527

628384


820163
248938
94734
175262
647617
795617
741453
527126

535365
852580
739726

830279
561370
496753
340802
188255

351521
574112
548156
438492

258835

339311
548858

433614
214871
802784
163755
57908

406688
322464


254320


563270

672261
309554
660980

459385
480951


70044
427589
337794
116190
466852



563674
232720

456549
314103
539779

211447
59494
88803

935269
565907

29741
968246
852700
231293


622246
145959

561587
797117
760219

620570
664216
700237

98867
379142
97022

981323
601869


506797
646937
235926
301218
758535
94165

770426
617435
984446
943787
397074

645492
507632
628534
606694
697873
567369

453682
523698
665566


374926

770803

723389
439696

105787
720536
922937
718008
148464
494302
666329
221983
600592

621874
986990
62719


270034
400454
413908
211907
300089

936006
630895


163983

751716
712671
705679
346304

713774
733175

562591
429100
196763
591024
25111
107519
749559


683433


496031
247787


193439
662963
833108
757079

253688
260389
91977
575322
185915
684196

921853
741888
954646
336831
77846

22629

520930
248835
947404


952188
987712

514772
306105
409338

148273
666099
11174


706979
85231


636736
434075

214144

760903
365321

704903
392898
567829
234363
48343
971672

403027
821611
524412
623953


713298
770404

455423
372749
184833
970380
258100
283877
98819
101616
375121

6115
918204
316291


771698


751555
29247



26520
52903
632679



961930

966619
836136

277218
394955
319257
863356
342341
790393
76664

212332


334208
365318
56891

662104

252661


623292
530641


261295
687461
279264

940032
24744
241881
475588
303465
697389
57925


190183

314750


959227
232359



950636


331337
627136
349186
615606
460791
565167
242312

448126
956840

958109

944246
954086
623418
210621
171822
380320

360270
285396
175269
658434
751119
935566
738074

814873

978611
851495

135534
873675
153243
105906

413462

902036
50947
257260

346058
96530
21166
689822
48386


31407
56840
431979
728850
521430
668706
787202

406670
973595
589653
432749
286595
428457
644680
255450
437875

815855
966158
185770
218892
494713

880618
503503

938966
965626

324965
509107
995242
489537
834245
107684

113124
438223

791491
580834

164813
47886
605870
975948
40444



69249
658111
827405
568954
652209

409877


560137
67668

22663
6586
429060

403335

903519
182222
562108

683924
250728
722622


482329
315489

230169
298859
183244
292677
278670

453530
191191
984684
894854
165661

810185
696768
517200
866872
77567

348106
623213
154746

499487


324117


535226
414870
60401
542391
11579
748388
729785

666599
685169
45721

853500



103758
40094

830300
163812

958327


485828
200894

861432
766754
698513
978182
994352
605203
748066
661720
440250
755609
625441
867479
857817

943234
331809
463876
277125

525347
467646
96671
289219

793249
985477
334709

21931
503607

948571
747669
39994
388773
1191


341452
648643
894444


253935
895194

744478
794817

313830
635326

966774

833053
50871
179541

8822
883123
813396
788210
634298
711802
288825
901632

814078
807789
654060
660158
439478
419938
443485
92956
727443
28650
622736
518538
53929
349634
280829
71436
772463

69781
406910
746662
747983
988545

236220
109291
800266

870838
938990
427742
946687

492739

239676

327891
227642
19139

68766

282279
716892


491858
612921

858967
203190
427554

738551
403228

866529
784412
282630


251405
998111
75586
874257
92876
899050
953374

453086
66773


779106
552174
851685
462719
679309

218303
940483


817772

79479
903339

793356
963374
557190

372346
697423
628956
403220
981337
405091
371535
424372
189886

991328
111968
466081

275126
892682
74115
376728
469894
848440
751117
263144
901470
913099
316819
911446
612442
401795
743248
484910

437121
481988


39530
363042

226727

619924
587173

366640
194312

517868



851650
819261

931183
333510
432365
17887
909206
698989
840485
449587

481308
300263


529759



405729

481969
616327


292810
206924
519527
423335
253901

419228
935899
615290
325337
451478
659107
899893
797089
743986

237383
994170

26043
94277
33206
372813
428674
222300
852013

847145

440930

494074

66248
878244

788668
958437

634818
831146

264014
641234
446194
393387
266686
14789
820664

488591
793800
611212

265018
260394

494280
529021
763210
351509
671753
228661
28110
3181


448989
445084
475051



523561


720487

241391
101530
718305

383973
638780
252514

737719
324804
392199
748771
884711
564087

580520



704625

171639
441208
621826
387504
575117
843558

17091


859061
903299
76088

717922
152386
143321
286326

380047
542250
109143
700551
179076
445653
525180
894685
812980

592931
529471
403927

37032
318125

852229

173353
232067
353929
701671

340937

159710
352692

288337

898710
724343
630935

490648
176864
998777
154223
778128
966955
724544

764485

120898
748630
439395
614554
464161
577150
392759
847927

273467
990621
789682
549449
832648



70321





444714

363546
998915


807727

460070


609517

883383
738588
909340

337546
960954
896653
205986


616504
220969
106941
282955
496042
1320



521818
710438
722055

382721
240314

49073

355213


547868
551012
868979



16263
404174


969716
176107
895688
448252
822163
263628

177833
630501
891357

819898

94312


38968
878562
634178

685758
456992



136456

76343
459249

51462

199268

80345

643240
265544
146447
271471

664354
52881
404174
457076
288876


877014
176638
196807
389182
289579
779653



424689
331507
935495
65488
622806
616620

110693
143214


306432
228503
193253
474522
799129
777776
205398


616797


984107


901710

22071
656656

872744
470247

8682


289455

875637
586835
480666
172538
699025
198884
489972


173743
163699

70341

619506
469829
511052
522008
224321
789763
182645
382016
92275
233325

561485
249721
572599

844463

610686

165275

239393
638524
750173
355120
396000
700581

810846
165749
389036

931302

447923
334699
626448


934953
683431

590135
819929

121008


222335
393918
551568
922696
329519
258813

951517
314021
885349
794011
102651
906384
962463
557153

750323
314332
596040

722997

292381

352816
565824
40135
266033
588370


256716
297032
503918
172447

650746
485194
408704



322511
821414
396977

925690

907910
719633




792250
504783
701315



576920
890890
584089
54766
973760
980168
406205

44862


940229
629987
631111
427266
473440
545760



320330
927894

59398
23697
13780
678880
208944
919646

871308
734076


343755
802637
505596

107534
597986
875753


592533
807359

343625
247713



66965
335847
279443
416425
115842

148848

420753
989078
315063
523425
504010
386047
354520
547961
36107
762994
795232
360318
700205


893290

450226
852058


390035
182024

262306
448705

175357
72597
526457



325397
263631
478052
318840
414249
359255
810861
554424

992698
534311
968949
431900
71363
459457
930204
174982
733635
389545
863095
501985
262447


32422

390470
702746
677823
300363
431652
497296

203676
512889
486801
735769

584184

555351

675010


503819
779078
677571
491964

710228
239273

890843


309951
337302
14708


811835

469385

592115
368516
695822


522248
353296

49107

616718
870769
47412

222345
35037

274091
853091
161051
551710
264360
471568

533845
646790
538643
769240
897230
540799
169012


386476




156984
59755
89530
285127
246190


863917
910202
138452

441638
749903
661354
916136
937252
331864
601416
314692

228994
342939
700717
634409


33553
631706
633783
887664
607822
819685
324075
497996

262017
127158

148178

430270
995444
542637
777748
166065
900068
17375
957124
826924

685395
112178
492872

66610
451133
251812

944177
613451
286860
477791
311512
419790
947345

513375
26888
380180
266802
398654


438775
580720
434168
760788
245200

834116
671332
720929
54872
884487
515339
1646
25203
904983
238470
923001

923785

726376
303241
364107
336246

84050


153167
258185
837832

440150
438835

852280
643977

619533

732424
9100
270021
981583


811486
742952

961168
503207
442659

160960
472136

156866

896636
706984

819300


905662
465755



649080

523676
24619

997403
876320

828578
518371
309021

863056
266131
794440
9670
158366
559290



887494
731748
148908


84951


727952
752057
436701
767429
151841

267813
303460
454873
213096
451506

891314
740685
396517
430894


703387
744865
346873
435908


301094
323881
285155


688379
610289

713786
640707
629887

164278
212758
454451
786495
248279
236272

276203
518896
895855
355774
64631
254279
583983
948840

985632

257691


386664
188436
777842
714993
888044
540701
26904
704323
782360



195012



432192
438434
731480
472158
514558
24210
863128

173004
826111
963412
787281
511368
987756
361318
865525
758614
13204
268928
798245
98149


748154
610813
887655



762274

520864
773406
745050
84231
861455
421278
898799
750773
753190
658737
566984



157221
511540
387794
728128

365711
342205
983901

559303
203429
230483
536455
230595
835625
833194

545944
994115
782229
54279
426937
380265
572584
959932
262457

938060


802483
489755

277345
327851
632067
565407

125633
1313

304684

420053
572147
144148
188705


133755
704846
197956
818241


644666

380448

205338
714614
821713
510962

156561

926371

952618

967060

168601
942370
469149
319607
930412
884005
83787
796792


693146
106488

46106
142762
504830
192633
71951
660793
438473
129178


271431
362813

318273

597825
953067
941146

978832
659710

196004

335563

190326
671205
518308

507819
861579
372495
557013
524598
385243
413333


200305


290209
763758
730419

637541
247162
37072

466915
685144


989365
157682

95282
159749
7526
459063

307661

559630
262204
803845
929094
294513
119044
875745
346039


468858
472052
626642
963342
680562
167404
161581

435826
49782
148771
255059
816065

832874
581974
216499
849561
716323
377563
667830
112860
161493

841914
812348

916636
218436
271935

735636
578658


409204
160585


20662
88000
872763
717564

94262
142490
544207
175869


543016

535576
689175
833971

856019
392028

233986
564782
860842

132489

151855

28374

101889

990747

920116
848144
955718



392256
426587
959606
816995
738254
798597
483537
89045
787468

232659
412297
345031
859125

562536
439454
508821


933968
237895

994077


167286
794563
607147
39871
158664
89392

417789
830926

607172

699804
215207
809931
731803
888085
941349
370816
20140
223194
59818

547742
861882
405075
517982
960169
502980





661218
560625
721423
51122


92787
501217

741275
752406
242725
106799
519540
638869
923577


938972
140895
201948

652103

116009
377657
792775
866813
615137

827614
309541
994484
804660
917957
973201
676266
274030
451350

400198
921307
977507
882947
808488

522159
319351
996513
174777
794602

130147
364899
897676

660846
301585


359904
19295

383431

985873
381780
116055


416569
212305
998048
755913
578041
233774



120221
796437

905472

394211
640643
439747
897202
174262
127518
638537
75276
488051

29617
624834
32077
513249

29760
353834
104809

505571
314762
251452
101826
182641

337573

91164
656782

975515
101768
945684
111577
768833
583837

501173
119300


888113
804034
906606
30403

563238

363884

438778
493219
952877
229934
398994
709822
596957
271943
326892
352321
437868

607656
868231
788653
106177
597573
438924
830711

146046
337539
110001
651583
618324
419631
482245

397939
275410
83951
752711

788284

9508
190534
953195

697523
998090
479248


606465
934435
391685
294679
963262
550929
369800
14061
422814
534216
965899
747699
949653
489694

604676


367073

91076
820137
880828
756007
306812
273968

694610
867891
641477
724428
330460

65464
410630
512017
146080
842830
982430
574627
973834
196196
771241
888688
816793
526107

190937
495747
655947

91099
867333
777818

72922
520167
577932
28475
127658

780233
873497


693711

93275

429447
228063



245088
853569
546431
179418
75765
596169

710965
584443
173624
975993

236268
497267
311426

363079
459934
323838
162026
436704
291719
596357
244443
401923


202924

372499

297648
597140


656690
495344
249783


575864
838733
727922
55733
528182

328654
833131
869488


840214

78179
61544
257032
706272
289445
982562

298665
189278
174437
963899


647255
279309


409446
8257


446864

885253

366040
417908
343012
12460

904539
705486




11771

462204
850648
764203
39782
745927
354446
358723
976884
285858
563117
714654
983144
62252


962044
24536
786663
430233
676095
678456
584941
505096

593021
489682
178595
540154

732503
290406
84618
4686
65274
150906
148553
320129
890121


273303
617194
481333
40430
170182
752724
977515
632582


116352

322037
611765
475363
248801


737335
559381

120040
38041


411480
181141
92736
339721


672581

36614
132857
661163
242705
530413
689051
40194
913125
413586
855329
682332


605982

475140

159511
883929
607962
839669

24061
150930
790350
270200

64605
8675

683881


828096
180117

348775
806416
717363
536691
325995
179430
682119
840270
582418
829396

720182
374549
139132
354952
124621
399280

500438
943279
274889
855984

283990
416561
116836

315319


385046
530031

298352

241457
438715
947668

424737
135346
917611

287651
279192


456843
454777

968768


857002

344161



685511
66632
552348
161244
160553
344251

678336

397358
328826
546162
805728

393805
439889
644816
556435
970971
681325


820274


760065
721414

77855
77237


8466


602240
717545
558206
351586
101274
316186

731410
532707

462538

228749


507391
391426
719417
245898
949989
344224
284002
121800
232270
686860
540359
349148
156202
603606

606618
849633

357997
86409

183813

833866

456910
540654

213197
740702
918852
716572
839831
861952
853478
308356
642609
682424
309393
963220

679718
168889
63821
613972

390712
274667
441175


761629
634389
378231
985531

198316

587117
462303
391076

120163
370510
995145
368504
281138
44257
851096
841461
127588


489406
286354
319210
96915
752499
721252
566330
322872
769789

228710
676125


59452
347433




313194
817415
316248
604659
665886

65022
485070
383221
77677



638474
250763
936940
870685

927867
798996

251688

450432
589303
713126

388462
721854
878724
953730
503592
849258
348289

605932
915048
932841
874011

328027
298742
689314
613745
515766


238129
85344
704593
375246
453952
169463
43322

58222

133212
165656
477688

427765
105511
899625

749950
156822
997495
448312
808586
619095
62832
102356
516472




271337
128656
494898
290284
410301
688146

924929
38417


55504

732903

867043


627647

692474
993227
793357
584989
64683
228464
588440

867445
83873
745703
443143

157476
539323
907152

621960
265461
898399


663980

398955
453930
967885
414936
474359
761305

140016

580800

264806



835237
553611
741409

797082
977273
270580
646278


579482
881469
201572
512155

157274
955642
196001
976543
742351
991627
125048


617400
277454
781397


687817
22822
441351
689948
559301
540889
858797
749118
667806
689000
991949

163576
339663



408314
642915
62986

854231
702804
801355
284194
101658

403783

228715
334255
847275

655816
939953
821099

903833
735027
559407
299408
549162
248465
682988

824587
860535
3913

180384
716719
538512
456910

534670
404614
74757


344359

824108
611723
592606
511504

109395
5044
531351
59984

620240
533100
520546
626904
518007
171071


483966
223932
506942
497230
301271

355588
273634
830303
99203
32820


427408
648744
849598
680954
87952
977366
47657

726963

533841
271612
616731
755012
218203
269482

375924
12346

605739
175872
910902




202083
708903

38739
473026

527283
840961
997286
383171
45212



899643
569881
227270
541549
849391
765979
908430

465211
539030

642192
773312

365978
144725
459191


112501

571626
770274
932755
371926
815777
776459

411060
96695
94364
960018
401144
10959
705245
579610
742428
244775
110901

855729
387532


601850
406351
730863

92526
70158
224687
238269

391704
127860
806820


939974

613733
939957

199917

342458
840217

729337
758182
242574
179210
346755
942108

107252
825333
80822
575212
329673
177279
776171
27870
343337
862284
59767

312251
93676


376531



358307

500819
462516
438467
437895

162530
632045

372371
809868
557601

982770
594888
52950
780385

186598
508442
914549
146442
847397
353111
239168
38042
201812
732993

968573
114820

9162
35397
439430
213722
603501
177867
183823
551131
146136



187641


463154


27394
770626
633549
123999

691448
875089
3109

107641
805834
503902

572081

525268
639389
609515
24682




202587

791983


675817
78573


313944
149403
802653

229705
162681
548078

721965
443999

913260

926222
520043


162386
134245
343080
907920
48519
741069
253334
897463

289339

868590
231052
886444
94910
658044
73822
863121
633555
791709
488065

941073
580933
392026
101358
156412
474743
687452
888725

568956

302070


833461



843767

485847
961606
554796
169712
17320
65288
568881

571770
96314

151333

568969

429906
623512
45828
976866

519473
487244
313180
649056
517359
266188
5400
923796
752163


465457
469844
912674
319445

849683
283983
11111
530360
118998
893778
728467
82200
841391
9038
263201


221564

789096
343673
406531
839523
165199

681450
867952
505440
135278


28756

530688
105361
752471

198935
730150
323489
736401

680987
440967



377786
623534



263753

929860
325301


296359
371415
635646

309608

648665

340951
46847

894585
781657

662272
748436
117598
146374


439463

20887


364222

258666

190491



455330
281079


769894
276665

552668
212186
714158
287559
677959

997310
615830

662892
721646
994673
393052
384401


492815
159974
120846
324267

406914
898276
364852
191582
113225
759465
106541
600948
523529
156839
422604
847423

948610
372580


670759
978099
715734
320589
570200
351900
766519

376900
467080

562324

986893
55545
271411
394400
565021

212331
988692
238865
243830

285371
831436
939187

162919
600958
43494
248478

475533
87041
27510
915741
457857

451737
500588
886079
64374
256482
210492
588196

214234
36076

499118


838219
160183
319895
350536
910313
181765
685261

345407
965396
488244
936686
711607

737262
330264
617921

916947
220492
875648
779097

956051

250599
953765
48369
407300
733287
884257

862795
968036
245380
788411
11967
168758
949529
446975
466610

428460
484436
800108
764745

169998
449930

679580
264023
521512
793236
466257
136003
195583
832275


11750
7901
460181
545641
287650

976888
508457
536814
934138
931120
261913
168617
247373


598156
884796

449945
752802
592269
437506
831343
341968
194314
928248
327313
305454
595483
394953
164338
861008
584489
966595

633861
199129
485686
825642
93483
980789
574894
498244
324969
527617
295338
849433
157881

803353
353517

106834
246120





31624
327665

909246

234855
69932
338297
482708

643660

767918
502554



806328
304901

171607
770407

29150

82541
926504

50596

518976
302096


341686
889303

862820

482003

976199
478496

779785
564637


891051
518083
598664
947649
317719

515014
623864
984654
322447
857730

838226


883780
113882
357504
731887

430315
475792
806568

64956
129219
124420
192683
717484
646216
795112

223087

506384
424403
713140
392113

432051

99813

562226
802887
306310
559346
363842
789485



540583

712377

562574
870773
705399
645991

725737

516915



798203
898244
77272

59647
940143

608023


666641


306544
788678
966154

148111

773072
272995
940986
198558
685127
741455
252738
24555
40358
807147


503216

224251

296121
921912
460684
382331

438264
947752
445242
238309
131918
515315


213296

643658

704320

898641
254891
438407
895702

905943
820754
841712

531754
221464
413602
555520



938014

167720


985442
635734
44724
180260

810399
900570
912563
992355
774287
960972


4302

892570
22386


848757


990521


13303


344887
459243

918667
789853
810141


813221
726222
59897
189870
608480
175021

784721


938639
203411
839758

768572
63296
633788
493189
276428

899441

410446
74108
881119
15821

827453
831555


782270
511904

806737

514640

873314
206343


233994




800105
496242

983998

399388
665552
738308
721970


567124
271152
404359
953457
87954
458325
577468
911816
157007
439002
18337
504975
723508
994704
512916

527038
451307
663196
292522

38591
259641
478910
424793

807303
609344

854798

318633
150227
877278
713218

235216
336731
984934
183926
168525
352226

646738

711329

775496
761357

707427
794707
793266

280457
205628
202825
23253
88051


681143

865843

202813
187671
871697
809185
408269
246424

234487
605115

968276
193942


750551
772696

755436
534934
379018
821101
695723
631880
465103

570659


384245

586049



971022
73977
479586
708428

592188

906088
445769


878606
677170
232356
915406
33167
263386
277151

256801
244883
372848

845419
625754

974798
58058
737782
555208

636796
828749

79137
903309
275547
489728
291444

244906
511093
300171
820449
370092

419572
700617
848008
242269

40131
908701
683179
128285

340567
147438
942841
44972
430127



120216
10951
45403
911849
707333
785192

442241
363673

868190

13451
443647

204753
151721
832990


36588
884579
307035

292972

420611
491801

869568
192176
18469







709641
759506
624232
716364
55770
195498


16650
805944


100907
242002

655092
752442
845579
750411


182609
939617
414140
704810
138493
881099

386617
987714

838247



230380

941221
696036
384225
813648

583925
266626
532217
663866
980768
207831
740130
32944
515655
826292

726219
808040
560378
424002

25595

91061


916076

828203
969206
455247
424668


537806
816908


179660
561768

949751

27265
810417
174843
778219




188736


2734
560980
649994
477013
652739
269220






21743
408633


373936


859479
877909

25196
501807


578479
518768
768036

475611
206961
574696

983184
75667
200888

593763
408486

706029
7987





95929
34889
96783
975319
992127
507506

535023
221652

894202
989784
572046

589762

722073
21309
95996


937031
562608


561514
199929
63075
25419

421904

691387
832034
176478
604713
23370
528585

909209
849577
939052
485426
972346
762973
865711
158115
444122
850075
149317


36681

751466
96772


870599



621978
389005
598979
344629

71929
283398
299792
41316
131216
746385


29985
655394



423537


637483



475138
835945

828225
803436
662732
347096
827075
892938

424947
794674
495653
688522

252768
970948
272094
482423


440729
855825

216652

714317
960109

538804
947515
533392



836120
600753

198595
357792
498689
444787
215954
48336
602796
673284
413163
344287
474386
108606


668394
516514

853728




868778
330024

423668
657666


229834




897523
577574
125452
825073
525256

752034
104872
427765
355003
635374
576343
865829
628597
767884


224820
55116

831349
571229
169053
760269
850819
473617
87529

118538
292484
511174



771553
849594
596419

495117
522768
919874
486715
925566


953180
880954
584956
203659
354008
668457
923713
250046

468400
470042
191008
878920
387316



354271
984639

639329
630948
456755

469660

658855
423643
539624
251065

654360
467050

485795
365553
817499
958350

990090
846296
144060
10640
833024
987879
647012

447481
976711
916776



741929
515217


268335
527073
25350

551711
170520




767880


225310
299550

618711

846015
515276
170706
623769
837255
939710
784997
33175
469556
850606
249616
753403


436756
196034



386606
14119
872657
501380
414695
995045

959564
989404
67901


978621
449462
337929
93379
218780

934219
584760



344251
328804

901305
309783
264587
704488
409929

657314

935701
726194
568376
830451




469479
141805
419609

263387

7748
84753
18988




570540
97745
560371
185393


325765
642711
533929
229416
283171
910912
860074

752228
609391
804747
974935

750588
812624
766305

111545
292814

233491
91565
474472
258943
48783
57879
157280
423941
757888
148917
189578


898162



883439
616303
366932

687007

211272
622310
244793

14498
430303
500324
868322
669780

651966
242748

288043
119559

674261
970336
105853
155676
517992
879211

184289
242552
609306
439730


734714
507170

537619
865001
995579
670250
427349
844065
560064
135662
381394
954420
941425
940318


847964
356431

453578
119695
237932
711565
25553


100660
69028
205005

833864
380594

304789
814361
24534
943906
833894

248497
32864
615481
640291
194556
479378
809701


483267
763456
670527
730896

421097
247302

633452
517382
546226
408691

695477
749632

234213
897315
879023


874897

450210
382726

744988

761535
76454
788747



933412
285737


355756
499353
759669


677079

713532
938881
239738
720359


570680
667569
681210

304996

260618

270555
291606
16327
889070


248148
466464

457654
341432
962463
379813
885107
690297

471298
33396
223577
49697


299913
461860

103868

796589

448568
994746

310058
183905
380495
681135
758520
376503
684973
338734
150228
178618
883634
672309


974321


147785

332988
266789
477458
8764

298955
763843

126801
100581
491275
570543
706710
881883

826309
834183
937601
809179

102400

451425



125308
152930
768583
184657
74440
507719
573349
962057
796444
682707
839177
439563
478155

266917

817346
674918
369113
574826


72656
132315
343911
252735
575925
728787

119446
549845
531723
508153
583696
354888
909386

939855
109819
900050
411487

998598

514856
430783
270256




606646
510097

77554

765263
461871
639592
809683

570880

496663
493337
207505
492092
950938
749588
692518
836972
724290
525449
7626
93360

171265
816391

138566
500899
403365
570755

24210
711300
704138
979691
33976
969610
901749
99563
118625
379907
281363
313996
231629
526873
590246
502540
643401
661718
815901

672539

748056
349035
279240

291228
954921

647567
586572


170403

766462
984971
821140

296341
826293
140698
302176
642197
705791
951299
405344
954443

990833
330179
13463

638489
554623
907016

692235

105595

332066

896986
106281


272967
804330

880420

60993


890537
651658
6798

21743

202889
83242
925053
931661

443278
275459

480542
855238
173497
714546
153250

405758
373022





968434
967734

552337
159148
882306
908769




462041
585074

666001


531213
511225
269620

301103
501092
280538
928571
524438
154056
525092
14281

769135

502894
149331
271219

7628
641982
939291
228775
129964

688598
465758
895040
45178


695750
770527
258379


646033
212656
363972
548188
172257
725350

659481
776910
190523


281610
104899
167841

438470
297596
598710
150959
507616
991960
791890
168552


727561
458425



267148
931972
102786

348383
445902
534425
484589
401528
282722

204980


130757
23541
127349
783314
460080



304926

753508

812640
766859
132936
384975

947364
566813
93001
500846
995365
472431
270321
977429
742851

606215
274586
839165


239144
116004
965972
891220
375427
502833
99430
593704
444767
428665
301846
575316
539238



693771
12678

844122


325371
477630
843345
795138
968510
591920
410019
690489
25058


822074
119213



122971
330620

847857
977067
823365
610263
64047
496188
378424
270065
81994
443276
167705

984449
612786


217313
684521
956608
664402
613756

76114
878280

404976


762644
869277

937914
985449

14543
617463
614176

707533
30967
354338

745973
112636


551914

923347
387587
100228
755285

400758
503767

356142

567190

562760
135604
556001
882676
508464
544243
972755
394241
474370

571869
143661
883431
995929

226912
574700
297043

219625

841633


772132

872719
200475


770177

170476


704490

958370
408641
327647
30875
641473
934516
525022
459151
357492
738968


735441
952813
32340
140941
379668
937554

805888


866963

678430
420530
460889

945647
235586
554056
181075
965409
867318


930474

844764
469746
149013

290842
342290
97730

113933

235578
218815
219428

409902

950007
991965
64820



539636



813562
124946
796019

324915

114761
930965
318976
799103
241869
644605
398970
635106
560898
933185

718884

10944
944318




874879

477943
660239

149219
87797



783278
737634
975773


350767
292538
327276


547414
81981
414128
113461

685837
330820
162168
845534
567483
980094
122398
976020
783183
571523
843776
598888

486661
211978
712360



322505
237452

951863
394821
49448
307000
538047
186700

354709
166634
992819
989309

162494
10140
560412
553334

220668
55446
439246


523043

770510
805189

732829
623097
572668
178025
461989
225385
835117
746116
70852

997468



181096


57962
724565
878087
113323

342543
777299
109111


365676
165137



960122

849964
922648

313634
905917
401250
50407
525786


935875



985387
675028
204374


91638
982295



957138
570568
671295
72219
890141
48854


405833

888727

505245
660235
681109


642092
544422
187215

472593
221602
406469
218364




21713
724022

284639
394727
45762

196473
280561

378136

851434


5911


667766

531147
443839
685966
260101
422077
935261
601751
293773
916737

890793

229436


137478
895220
950425
660312
444627


640271
987673
502533
247516
356062
89334
183230
969215

276446
423620

96748



938773
790877
189988
610068
815178
265380
759770
697246

85208
754174

63602
718986

109492
502893

481853
130495
385166
248738
7154
908453
31223
184116
372901
224477



302765

413358

796734
844708
480110


130892
447193

706622
179363
128084
565594

211369
528976
480800
934202
548184
278078
960330

650482
965854

192292
476608
420222
62160
801801

95631
643332

788773

266296
985249

44145
819972
759345
563426

797247
75151
707132

775335

173623
393959
241596
858838
514148
658695
753233
809565
834813
711083
143379



436281

303704
983503
375365
1128
795762


443556
829083
363801
747930
772522
277205
895880


788186


834986
84637
481303
715767
780824
610703

93609

571493

547188
219924
557555
396195
585704
564107
727452
27320
435361

480660
178285




326012


290115
863746
643281


142817
3478
358121
194474
420730
751730

393762
250600
76584
321661
125507
553162
280898
167654
782303
891798
54502

355584

937020

225989

994564
632554

799528
205186
739545
695440
57312
42031


953471
114059




770115
91905
82123

335245

200521

286036

790524
99241
207056
22495
306122
816875
383160

333297
163
819398
737792

184572
719261
736150
238390
845142
80196
850358
654552
257525
770711
277581

801745
507723
678036


992903

514046
497299
486610
703944
372635
786463
39896

936734
953067
687798
996497
780297
771897
708512
693758
417226

136140

229505
689996
508740
478849
82237
901505
707944
792024
533840
41755
413623
649825
269105
567529
642701

153389
724645
945500



78250
749501
851864
700233
269073
47653

623609
751323
580355


820404

96681
507292
785568
640186
259315
245675
869620
46833
85494
297529
593488
720314

899073
448963

248257

997252

694845
467988
638932

152569
22195
19917

34329
851869

763789
335751
619563
666035

790990
296382
350992

941366
676994



46368

956337
119682



350780
216979
374280
267019
757885
845731
930742
421544
455087
519276
821921

248895
356759
731211

771009
169899
29854

976785
888323
237976
340835
187918


64075
433639
176977

810079
635686
821404
311957
784850
327504
9860




802231
430684
891583
759054

309139
353114

167982
922189
336244

466615

118092
191172

517788
510057
274387
437070

919987
495333


919617
806822

543112
199590
766742
664447

900693
666395
416228
73317

947067

589343
128901

350991
821497
627100
21701
297668
770249

251905
572013
509613
417216
9300
673997
294520
983410
48983


293178
355098

494273
103633
897475


275585
267340

694131
17925
270152
162164
224582
154979
841269
589008
526093

939628


230738

493307
17046
814089
935632
822233
825426
734681
817169
188874
85266


466912
637597
450209




724248
220739
748072

774944

303235

993445

542070
180262
716405
63249
785729

947011
284302
956442
522258

744329
777300
805419
722362
771568


128142
760414

68406
79123

116514
420770
140088
634192
36425
346980

930271

688221


437444
206426
105005
581162

901872

171649
310220

610037
508418
67784

133431
390930
985319
481100

603648

367611
820004
67485
742173
863122

572094
856690
459285
943489
49040
136593
403464

250312
699859
149370

815277


605013

357634




142132
878343
301127
591608
70775
462106
999257
450985
562509
821366

514518
511967
805721
136517

518654
787802
56045

507038
378751
293022

399601
874747
498648
494717
125448

126653
689654

75363
129947
56601
545669


924949
464618

921845
720788
466131
463556
163736


798001

892895
398770
883549

324826

905001
351654




38485
525282
77493
446737
869838
702980
708443
333997
985550


669631
307663
237647
923166
173731
327004
938699
594890





903911





66429
690829
592002
195759
249276


392660
586019

673705
172495
323783
100777

484183
999199
34767
993685


738026
804961
242628
953032


612478
259964
979523
85949
551049
529051

651068
340528
598054
731011

953224
434537
274684

727786
918384

820847
338234

722156
161795


813619
567804
116800
571195
201399
433781



503934

944816

763025
672976
958688



1731



959997
810708
386049
979029

361537
779031
232883

753542
943635
873343


486831
513809

251973
477501
195867
707824

982877
245382
52782

137695
59293

616185
799272

927427
392729
555822
406834
306628
344904
916455
319230

908527
647594
331841







183854
247662
302869
372572
70468

343770

404177
163783
21065
333227
445425
191713
975158
724343
442050

119108

842635
977203
677705

866609
353276
880930

59171


723898
823822
826892

871781
272801

487835
446373

233560

61891
332049


272290
561816

283900



156230



252145
336701



878261


544401


725065

489398
456182
753540
291709
740475

798605

647781

584424
537638
353100
182631

740516
772557
273270
695676
930903
620273
937185
737140

597506
855424

707196
11139
666454

209727
333417
841143

493850
627286
379919
189948
994452
13273
357504
700947
76403
302664
703585
377180
424796
863697
704954
28693
799974
385806

68373
805002
144485
208926

30676
191688

430263
707042
529204
418354
814160
569476
821209
242321


878590
353154
813970
81366
310886
628188
499413
860488

866238


204316

11489

487774
103243

682305
475053
60743
367630
342338
70598
135325
952866
522559


849213
946730

110847
565324

911321

591435
579601
725628
997323
382450
41692
518346
984367
677358

941766
573153
225392
137323
8567

273098


135426
93686
55930
963590
600579


527248
155446
483043
7678
913958



44785

621497
366669
10836
777420
920900
542295
444072
981719
812715
410243
264855

507218
696232
858041


378984
952712

516445
317749
875323
781715


975510
251793
231581

197970
443075
353301

409983
901999
636723



249758
492092
891750
25456
674325

771887
390636
978158
208675
426282
604093

975638
955004
437648

132870
30098
508965


113622
255642


858421
263147
719554

405865
389401
528430

838763
914751
224403
569776
786661
409634

640688
48965
68714

71467
388965
328362


880248
579473
382223


6697
257
362504
676033

146761


706344



151238

517521


116952
871489
715515

333598
530741
388218

506099


843842

727750
41845

477926
6236

550585
920432
449285


486726
973403
351459
249504
941301

826836
473296
802457
559108

157697
813265

146404
122850
258819
436898
246051
493108
718144
359996
928396






710414


346935
672526

568128
408978


336731
437670
51304
305041
194058

597268


898898
369071

586668
465421

975192

700017
195579
95783
798819
561916

895384

295473
59573

35408
157237
764957

115047
311712
517915
561169


467796
149246


502981


146751
278767
609486
533644
192922
922067

298429


803649




566750
22864

285981
434736

430559
56564
185845
770936
962498
690234

542035
876091

925912
990384


219334
692749

304398
108640
253764

359924

386286
198523
354442
380719
394808
245236
532002
933876
808011

126921

846204
279128
218188
534945
991994
826371

524226
470192
457204
186557
554782
944270
618626
401873
477104
43239
439818
543584

155338

576588
471109

293379
190514
2283
785434
683143
848753

553537

882109

452844
260590


539529
747283
941513
873643
422932
549269


718764
749817
449720
821263

395795
444289


908348
50121
747576
615327
664834
434980
367899
558443
630855
863201

946474
723651
596912

483444
532125
675408

252116

579046
955742

548302

401853
214830

401934
684281




755217

77406
595599
945250

619485


413436
524051

631672
455993
598432
175522
342358
678351


311807

968107


903774

70143
91224
760964
581170
28533
642769

974233


636105
991188

419342
258109
294469
449204
774850
296558
96521


393432
699610
379763
724698
735261
701475
538235
464670
355439

902879
238502
319792
672603
495649


913145
597949
65557
249071
803560
26617
744862

876451
962392

722477
123742
66986
156015

641158
141881
680971
471947

183202

427307
874452
662891
265797
990209
466617
743578
538811
672
825272
717562
576810

812119
723267
764443

833535
122244
953694
313753
836478
637792
130286


275043
583716
200650

861158

485216

701522

459207
30472
635596
575982


160241
11706

124914
973892


571524
907217
661059

982544

675118
312913
775871
12517
468913
614826
417009


290625
889072

172179

368794

196890
192384

687705
669301
727269
249755
586262
141649
912998
266735
557078
249179
54980
750016
204425
523174
941477
1372
224425
139187


55650
556170

353431
469176

532549
660019
617225

511270

215598
983147
120441
321970

693689
738052

21841
404541

48250
7255

567643
91085

889673

411201
573234

738498
489375
532434
958015
766095
686798
951528
334123
489799
371248
520659

236098
419928
218299
951829
814881

648132
260707
86493


874191
769005
287405
831584

203869
101834
566211


764133
773038
846581
33865

171915
567055
26310

766744
676252
335513
70505
815579

861868
950561
632647
585915

269321
56679
532508
30120

979869
284575
805721

288202
54424
83718
325564
818043

455574



350135

87928
888637
327785
944015

773320
129482

190545
382855


466388
504112



810961

866265
277566
576580
78976
388619
419312
592228

583106
781147
275198

908912
359022


412528
249584
833135
28346

827764
886022
220954
283949
70924


642330
746168
430701

708696






807985
404556



4555
124258
990948
456180
335940
918342

385263


633243


622337
487704

316361
984069

117110


519977
368696
573396
493560
406998
858846
389015


389129
491132

810595
28862

728381
57620

413248
869989
628090
657997
100813

396025


178893
735192
554173
778017
43537
768256
730932
402265
751089
787270

1340
440558

496499
946991
573424
137010


264562
600835

586085
675101
484382
948669
142050
775571

491743
726007


311713

642014
604537
656356
249158
190191

785459
619850
952828
144760
737173

610312
413093
504460


145361
322919
759589
166742
774748
264633
138262
575476
364425
868725
543483



314705


589960

294428

914595

778127
52060

857812
362830
646315
266384
704743
194195
505902
93734
928411
670918
5050
575207
185431
925038

839455

862126
455008




898788

821315

855829
647149

899415
723568
803515
655810
964031


300581
446903
328306
105702
431371
645716

192483

83713


23915
511277
645434
342345

295702
469265
174289

