306741
581016
783580

529978
772824
54939
797499
235178

675900
365768
561760

986962
242452

621124
555822
80045

914383
634731
18956

514852

301639
589613
187680

936464
300304
773686




592300

106601
132673

737730


643495
963873
450435


581745
551925
428401
149752
309817


93261
535493
669621
126653
13526

867370
674224
182384
521397

323319
240794
785904
438101
144457
869281

74831
93420
548724
633505



646911
548544
9455
950904
475386
796726
502669
464568

192220





57920

1758
489556
810605

265731

5010

330854

699292

827473
984607
688290
211198
617290
551387



292986
526195
68223
337171
912323
750727
376600
223707
780654


54318
11932
782447
517425

464721
907887
159921
505395
114475
842348


437454
463980
758387
85156
750273
727462

218363
808331

611126
222920



397635
914860
17620
948048
887204
639207
246172
261408
25409

815088
123062

211457
633454


780127
152649
718598
398062

938030

588542
412455
395899
876242
320593
968278
617657
670080
468121
368200

949804
559292
237665
175984

593236


333248
460620


414006
485909
474745
895129

859840
728883
118176
938692
31513
785282

839747

60256
46227

468680
388728




724082
346280
186921

974503
419970
266290
497202
735357
90522
390311
73820
566658

847826
15746
674861

965907

350339

529906
861811

64031
706415


38656
438497
914809




336703
219926
809039
904668
513292

460472

626609

998728
929648

315134
647899
143509
216325
201620
542489
936559
941365
981941
351893
242202
695638


860333
125126
899591
560786


343114
942821
770959


911594
361403
583275
662962
110145
958180

494914



263257





208366
279261
571316

747541
986710
480275
782638

20409
465818
745270


709837
249573
249286
33011
427960
166525
747258
267212
724458
247395

931116
115116

590991
380819
628710
383524
169030

128403
124193
783146

54818
275253
412560

474157
456514
396062
932688

811987


657145
188818
430446
409027
259279
393069
125236


866840
220755

490671
380302
36154


132832
571237
97444

264265
599773
63392
900105
644178
26400

54255
594492

46912

308710

767750

897806

463600
464960
927929
998503

433187
987906
694085
381934
218143
445999


97048
587218
122786

331372
887977
632568
484631
30895
494990
932937
18060
654093
12846
503074
318874
717190
485402
40329
74287
73478
409548
531125
165831

175461

882430
72974


41661
852170
565699
871787
92687
904755

707453



839573


430687
297389

888574
985737
861926

425551
531460
193475
201442


423361
385638
75781
115346
586110
955462
982831
259777
717339

896305
208592
277090
588889
259912
424983
63818
717350
958725
771367

401913
139642
409972

937693
769190

979916
836582
94527

487673
637994
887889

332167


500867

23479
464856
955191

490148
335102

644846
140253
557710

560668
817133
288650
66449
613668
957653
30896


152884
610146
534809
575984
933682
869856
945886
213162
924407
674989



605082
839928
562052
950562
512449
724008


118508
884659


840117
415487
876363
160421
213657
834138
300887


373147
739903
59851


87098
807673

862009
729484
157556


367661
926024

12013
434562
678453
962395

408098
468437

9896
387095

828913
531074

352415
582446
327064
853578
364763
296957
399855

211899
369853
403502
219738
273223
362282


117837
157779
266077
448308
902209
622451


271208
797796


305421
125200
373640
103007
714045

581625





839873

368203
578548

260598


641904
544330


791008

124687
372013
786295

565974
686856

676281
888396
894446
589111
890839
729513
582370
514672


814184

119809
420959
645042
415255


568566

523207


887140
9989
82333
631782
97652
30378

4103

35633
524549
412747
67943
879750



812112
324701
709061

335789
732323

405738

636862
885270
493628
74682

878555
667030

642817
5680
587388
757835
54701
328415
738791

348864
950443
877998

770435

511117

743376
542617


893882

967547

81242


207004
131650

81387
925567
590969

48472
734102
353161
883093
933359
165973
726042


516500
226869
176624

911943
778831
310262


864901
267085

565956

379564
565852
256332

12227
606627
590132

778728
556817

961584




828096
349531
111830
886731
694810
59984
645390

315886
51640

717006

790451
543204
155524
916340
756859
30055
671808

390654


420858
478086

760633
540900



417574

117847
864640

577243
556983
760410
475949
254360
524277
476514
485685

385212
552727
427003

333840
76663
300585



323553
21856
399393

429154
107714
102779
203877
419187
300521


482803



692720
642308
576368
928543
776640
303811
760581
430921

208242

426148
120430

163025
63851
571643
551508
185632
802784
644265

301149
4692
148317

142654
163674
719625
372199
706842
708370
749874
700907
960150
166561

976115
292703
72567
262773
874053
427400
555328
123893
628188

103059
802715

126388
701305
286145

13619
160770

135868
550829
211133
972210

184034
715065
642968
13706
176013
72838
591241
872208
75184

126353
75953
111829
792873
662181

728261


645062



98605
673900
637104
157383
930623
744224
691149
326655

200171
488247

268874

136728

350076



761821
642925

321124
710928

657045
934785
152157
26819
242407
531200
796165

819121
134943
827219
698655
774223
890687
212889

774349
309877
302280

