876890
7386
481196

190402


677528
744338
793295
937079
911442
677761
613850
222801
896194
127400
471973
935335
916967
147894
282784
78566

728874
119319

708689

259289
288082
8460

921834

77876

798672


217514

284782
210168
965161
378986



167605


273332
374983
889506








853914
534162
14441
126389
281119
399794


420603


313523
268768
727220


129935

989586
182932

992494


17135
575066
885928
936895

980082

89905
340586
490745
142105
752720
996416


749602
419425
895999



94453
908111
564200
862128
465640

163262

731131



926358
938682

747326

608409

196864

707257
158870
730


825466

547877


906116

229979


303085
952846

371015
102304
324071

164534

900038

820066
80425

535502
920227
88459
151750
131558
445271

131785
356671
421849

429558

873435
843233
876986
886145
859820
921754
269815
355135
978002

939230
825734
962128
650370
735447
762989
271919
727386
731921
5174
448451
938873

417945
431350

766075
813067
64291
776361
19054
596138
212429
319250
419305
229293
618069
572308

856327
580761
783677
553617

39448



419528


932824
122820
549010
235481
877731
306892

347179
922739
100176
183538

91773
421661
45745
852921
237221
667383
766655
503617
796689


562112

42607
772304
979800

185079
555923


380914
503797
867107
224824
388105

363845


301694
408479
944783
725965
360630
488544


32918
99246
213997

832172
847671



886453
901149

97576
524528
822373
638897
7669


46571

377937
550510
266708
985570
93216
462180
507814

545216
606451

192110
929714
914875
458438
476853
989240
537521
118010
100515
548365
775282
653110
867567

300839
860235
644129
66793

596614

345853
978492

939868
557198
355188
368541
811470
694072
259056

303990
790832
561047

970316
550734
270831
971776
347918
232222

757796

520736
833599
257691

725682

141126
661998

986185
696693

800107
205013
49315


656909
146270
584261

190642

121720
812766
221378
266131
798877
660225
18317
449860
96933


330688
387509
659960
955034
206015

574064
318587


684518

386345
718167

255448
906736

741685

503321
513577
63605
484720
494750
713235

698926
333880
453161
678097



613286
504866
115750
456465
831053
496256
871254

991304
413309
535579


9682
79698
353548
227020

465523
721304
368843
429202
416316
679167



136790
748260


852891



198140
452531
611703
271561
726506

419949

836569
114530
536350

248794
279218


620838

516959
783567

758275
313993

540452
856769
611871
413488


88275

479135
67144
650775
731218
537715
918464
675815

463353
195865
344903
298034
962509
291197
206306

520079
371
315856

343767
762106
160381
292845

573262

502328
544179
359504
307473
183929
970657
854400


516478

154385
757788
901764

876852
353622
506924
405361
661112



908726

458605





566224

367134

18876
955842
740652
40159

662981
211637
610271


58588

670659
952106

394237
399883

675107
71729
606653
644254
523529

500628
641825
293287

380100
543675
962331

719867

304345
318066

370143
68372


409763





26123
448179


219081
69594
651548
907744
238064

211060

88691


256545
769728

174877
706488
418274
886410
786376



335142

226847

488352
460648
475255
224529
537523
539595

558646
71999

118648
387402
611005



582666
25136
87532
164666
623303
98176
60699

554151
736375
936425
886163

250090
146049
911755
193080



897116
402595
647309
921017
979074
308016

406858
180710
579683
152878


352480
644512
258043

214773
839501

804065
757523
762093
326179

242191
684336
245865
106033
359597
767760
188616

798954
317451

251557

820949
288203





782750

952193
497512

550497
581512
997659
755885
772798


327499
62481
102343
900252
248053
958821

399217
879220
342761
130406

268462
124401

737539
680853
608609
240652

461915
100463
936541

492465
66339
885679
125295
36825
141617
178919
183043
225266
573235
890534
853307


794781
337042
316102
928746
486822
501273
561818
307086
621513
205281

186423
903553

345908



304978
623690
41489
959258
576202
911050
229358
809628
86112



307780
216595
590738
60905
304068
795777
541216
822937
156995

979744
123718
62743

963306
152880
628568
88393

688050
820758
507002

804089

561400

583177

820476
999271

649369
53862




73815

342068
466049



972507
250848

918341
385734
87048
533691
280011
180603
685181
656924
144532
914968


769404

498328
6107
278393

975509
167434
594922
461391
224586
130587
136602
685517
104083

342370
11337
989847

21941


198510
96100
168161
210911
696706
265871
821839
733232
4316
474925

587293
131140
949634
76443
668055
199579

257079
955478
955786
620366
884376
170187



494090

998487
310832
46465

376840

299007
621150
678758
928400

398138


164656
98347
69011


631880
155874
353576
94897
980581

194971
147208
989765
639541
626505
705991

964756
763549

538002
679727
659418

272102


299169


458169

810056
702489
850555
196104

225565

323056

944958
213364
409028
774848
278725
131776
211648
42500


137028
322068

203334


52079

994819
248684
85226
39936

87349
303753
331734

214172



141116
982809
78898
395452
396927
711291
508852

843451

64773
50357



654216
94456
381659
899643
215965

59726
297331
845154
240620
952227
834739
870387
833828


703559
890053

768588
294402
735223
313430

47605
232383
69823

203513
493390
385520

379675
324477

52942

21613
367962
307353
235203

153024
941814
7716

639660
979045

219041

884594
913212


775900
443978

458301

58476
461376
979056


988053

175687

289051
900025
725723
842659


77592
717688
741694
374960
547780
507580
106557
39168
566144
944425
406833
986651
975728

88092

36988
497641
86583
755399

11549

164255
108171
532770
654839
701945
7001
427290


96061
442098
977162
45949
53862
702550
401118
295195

415210
353416
730949



353590
147217
792305

576109
700745
792978





348779
590629
621439
585705
129716
844072
59205
917749

173494
376712


260494
528781
806910

191151
398031


312199
222377
957210
258497
281292
876537
797322
278285
464691


224354
997945


428773


261811

908362
563205
659633

279064

363420

52314

171849
314572
308339

444338
836779


915959
303748
746490

39610

885245

113775

733304
268652

280257

770527
19059


550045

663582

64349
73064
630483

937672
586640
302186
956504
529596
559428
192121

416089

269418
270863
595711

347586
419536
892099
949774


432634
158742

631360
587160
277328

858143

42506
5605
552887

905876
965366
233139
897789

481811
29009

481485

346107
900708

66949
775858
162339
910042
428728
424133
907547



111115
968651
378256
828240
236406
646255
408545
784121


717391
508173
41565
715824
945902
621461
337435
692240

81975
654473

151929

504022

621682



748539

892780
799647
408604
325093

750966
316534
950985
799547
932029

405202

611390
58104

156456
919887
302755
272482
411141
854677
650834
17032
440492

807901

810400
609639


776656

513376
585142
996699

921395
195356
714382


597238
969750
468137
267057

505979
48350
997147


684556

848933
139913
313437
863518

138196
764713
343001

24005
289971
893718

243726
468505
493787

725895
957129
796891
220673

794658
77876

105925
921025
590570
133815

816087
292866


838582

846785


854346


694701
916835


997818

771733
746147
527101
148590
991323
606331
514633

639707
60278

815420
455229
8039
494365
234000
737840
449054

991203
607929

166802
114534
446930
330483
725555
499302

934569
414292




778074

291374
179004

911749
656528
921651

791899
342140
609365

478098

948226
786888

317935
382130

388582
956106
717326


366891
544309


252347



56980
12203
39339



360072

851365

155894
53854
62338



893747
664066
50525
890705

520914




881448
666613
17329
70940
76213

677591

528197
628170

944334
953383
298357
358281
808518
784273

539419
470463
192433
199751
2898
650136
258072
854653
529168
565860


789074


312145
955221

271534

262507
991504

803331
35773
773812
973652

334544
812898
745199

525615
512489
476040

105609
956634
407375
740617
756530

254333
876373


125809


578479
524419
431447

548605


639796
979899
806348
185415
320688
101949
886662
204667
78612
754822
567768
370238
229783

193311
160031

665305
820459
670110
84771
370166
820646
121226
723025
565263
675878

214879





745701
221840
299893
455354
459595
672731

628785
985703

363110
863858
436979

347729
199202
576633

628318
778929
917152

810492


951464
772608
968835
603713
18487
501301
38225
520821
379846
533948
659874
179513
214636

280043
377291
195522
74271

99381
230929
786661
780598
807549
104628
617468

583564

810776
384678
857688


969812



397464
157057
581775
4406
715565
445706

990702
144706

413632

548172
873174
877768

533188
11835
187938
343794

569645

288845
781518
352947
210050
334464
430065
793206
612417
251170

329901
510432

156955
568619

655167

237158
854186

56079


471138
336144
606699
961200
941195

710589
915766


790243
85082

48158
809193
628469
395614
883648
805690
978980
103521
784299
998031
163036
900795
69798
155142
995246
396413
619770


852621
384313
94507
313294
358592
757114
979070
579567
285659
996452
992022
264158
467307
660215

77705
190842
724437
585072
726032
804648
539376
976090
794091
960125

849207
449511
785610
654834
485881
146499

604449

343548
952368
505998
729825
44851
257728
134965


500254
120242
608642




80391

771093

933888
415140
710207

297736


277137
533990


211985
914987

353140
97605
670228
716059

145932
266437
883837

703126

428147


602378

861657
707969

71446


50983

195410
23664
62921
948831
975227
757110

412712
196994
917639
340404
104220
839227
240590

340383

900266
61739

781543

872833
827183
950382
527131
621765

943942
683934
802980
269031

766461
349384


123479
118145
315059
399289
626956
642477

806165


430442
543241
212764
281365


491452

999531
802407
656782

527870
207569

671806


318009

321931

831761
662278
616481
765271
926085

914901

588361
34150
235489

839567
502047


185247
356611

298755




683659
321222

24617
536702
648919


679785
408531




359790
889242
897384

519372

533545
312069

162682
483038
311695
545380
254711
67748
611770
185816
797581
343270

630521
20934

423926
121389

169219
214791
498984
888684
261120
947516
758805

808557
315030
490414

634347
532006
775946
632539


198758

