838773
776297
554847

146500

882553


854043
553854
757970
696130

879647
616077
955050
204075
652491
38973

618217


429314
889116
376005
292397
850042



533759



523358
371640
499617

544858

125043


604047
99614
511397
643741

591852

71149
774600
956975
855605

537464

600555
427561
419305
228056
913140
978991
310178
784926

927203
257635
457629
277595

231656

161149
547196
410858
967112
695230




953483
469212

400673
363611
746122
277139




188754
916991


510785
182386
257273
245809
654821
724892
309379
584103
956185

852785



959683
470814
747974
596317
627741
380579
406689
506201

896654




773838
189975
855501
995658
105518
971024

706211
240728
890951
85057
640323
622086
979204
63094
563124

943392
396889
337630
334166

307435
880460
254899
545517
660693
433094
841839



371652
718483

604843
65410

641249

964398
861070
550790
740551
647166

496029
130447

901643
354958
117227
912519
608894
221432
594791
811904
595328
512662
289744
99304

122680
509610
767295
701532
752999
681500
474233
358888
920659


181168
741427
619287
113867
773085


429336
907553
528154

233087




479226
84084

86338
445649
660696
3074
828911
512161
190719

88541

922082
657855


858459
101488
529476



585988
240386

389519

615771


407306
968435
69583
772484
950006

800312

41167
94411
409477
67750

275468
970144
750763
622502
641819
349527
873905

471381
931142
114766
666545
613767
979027


611888
652180
680543
98126
554182
132126
181012

13843


597734
741587
464043

375950
914785

119776


71255

805589
430106

769668
619666
619309
630303
927522

812273
876411
965003
937188
265617

549217


724487
409965
398185
198853
42383
935431
192725

102699
3186


447337
969858
618721



130999
642196
699834
135640


397783
119392
480554
450306
325886
264864
485858

129491
86179
487435
204203
78456
84252
764629
890996

122271

32227
19142
392454

693668
859528

967551
369236
150099
146003
457696
642196
540759
954355
787964

126639

302719
48227
605250
989963
853758
959783

361946

958446
918280
654799

443562
345953
30174

119839
708810
781528
228183

554322
867061
432760

953336
184991
531383
6311
273422


418000
555334

488234
738168
554959
968252
272049
631754
61749
436501

448941

474250
822648

76257
294066
370859
751915
138642
265332
260764

577520
937734
968631


364064

489353


296711
804677
733585
925885
781120
312369
966676


94061
328957
60920
382357
723139
84051
190803
209211

302718

347608
352212
186760
897355

569828
611544
79336
720160
345369

191709

679418


744799
970108


709503

599659

887007
594608



171308
29013
572329

303956
53771


613485
142311
81370

365094

399120

135849
840599
687970
935389
943713
124665
957839
423094


238580



737458
453976
971956

334667
587354
312129
326940
460974
839267





120011
370301




805668
970945
111228

617598

194116
382130
177961
514132
820175
340790
698482

301760


750209
572858
332081

880935
59412
926377

821660
458902
924020
785136
464926

610927
199729

365934
867103




185773
770300

150064
873220

928380

591679

697408
275459
866831
30879
714271
823541
164362
926615
945740
171633

451991
800754
577005
435995

422177
479534
395647


95889
677084
945864
541861
770259
491695
311980
268341
433981
831046
551514
536274
244170


50944


210412

574
790971
726920

358190
516318
869324

436944
590950

818584
322677
410794
698124
49547


540681
86866

27847

28495
593124
289645
156864
981111
363602

674521
225242

767884

659504
628116
940127
336138
66384
594552


418072
998516
116852
715863

154765

229785
610050
630137
549080
747926
936351
285565


650021



855915



50090
974836
513400
976512
836734

943993
700200
337095


260669

951802
318876
27371
211927
886466

361880


59655
162162
356219
45376
236599
237658


465455


196823
190651
135765
234919

484954
170583
167756
190397
753374
327475



159290
404006
193842
686263
792045





563138
808021
680669
290532
269326

434721
363758
379322
244848
858667
919344


850521

273917
430518
712947

486573
271728

436461
185726
281418

402937

315325

187911

213241

857297
451904
259726
887625
598408

261846
212215


368866

143103
851827
354404
222325
82601

945100
228030
910006

698593
32577


59518

156845


163908



68205
472767
474414

680541
504319

569558
735675

49725
892156
503811
536541
366691
259347
40912
948495
62522
265764

676937
271611
470489


711363
864479
82592
562140
211504

885851
933386
389586



869621
804735
855691


668479

445878
943785

289808
461755
761500
766507
802014
639974
590911
261102



804347


102268
491066

8000
977027
707260
119354
785459
785228


801900
496002
869272
775235
594181
741681
821212
251211
624377
860598

46272
867836

777967
686213
96195
300718
851499
853233
696229
353932

787404
817113
769718
928113

227931

343638
279896
960158

850405
984031



827071
892108
578438


301616
667430
863258

134216

89184

719802
313007



864215

411240
916250

485940
906751
864764
93651
721201
56802
466571
879330
549063
56610
36267
605477
368136
61442
686136



46818
304786
418323
675367



510678

10800

346580
339484
785005

990382
127271

834320
826931
811120
834798
44229
318998
854443
779213
671981

131319
621803
860999
598763
119126
700212
876204
179164

734179

676843

733634
334310
349115



509865

870976
748833
32053
859781
104979


710004
840904
793394

731653
456661
660885
924671
691805
415361


125165
801156
520087
876097
118149
274839
556530
171155
331754
874749
589313
405323
869492
146755
447414
722314
756901




944434



508677
365738
860164

470076
137847
312614
772231
420891
959582
261944
107944





531343
142613
500788
751879
660307
468875
859950
99310

958489


263293
591186
585724
748945
605493

186546

842773
794476

914942

355205
395657

262815
637974
115235
296956


558131
20896
412385

643113
16410
230050

769037
935951

947257






57800
653503



656109
954737

969007
882767
856133

374896
731294

930319
184158
324530
687541

470323

77402


884461
383432
777119

580757
7427
773279
904876
106059
859419
452222
434770

120335
40320

488517
475658


121092

686556
365926
609359
84346


677086
496216




553955
392832
674044

593063
261458


138493
420208

617446
114614

31670


477926
145040

437648
799280
140319
515328


272411
829072

966399
823806
259134
296444
354192
313684

156592
370304
559997
336890

59870




726148
628073

325080
864537


280064
967466


678531
973048
417298
676731

160768
712775
50381


301954
277629

700472

387456
559031

803989


663731
547954
131911


817147

532157
517259
116853

483212


674713

371378

910141


223653
738233


819298
568754
144880

779688

915814
567498
438159
182466

960968

551427
384580
172284



551564

494790

89248
460646




168664

322765
646484
348462
430807

680930

302937

608152
468422
303748

539035

343548

589868

363569
268547
506940
797085
148686


826943
18561

290238

344508
842916

84927
281270

451124
751295
590494
342
944445
741986
593069
629994
180012

228910
475819
695687
851125


573746
756687
396856
872321
346112
516051

472454
355096

299340
202241
280531
638968
745644

540439
852289
319870
807476

690630

659944
909723
691619
510191
219523
43525
53470
106537
575319



777426
945164

456127
98092
698942
738362

296901
500720
333471

409102
157791
874218
929974

544912

910355

247400

841082
709453

425616


960470

519025
621688
629613
910231
814300
163740

231667
579423



768569
44045

796670

15025


471271
805358
588100
768490

249367


900504
142718
725102
969656
715071



112840
625181
371253
225177
626149
189013

123975
556076
470999


493579


759999
181530
402005

59733
399945
398716
898103
394618








983891
980086
100850
906248
406170

944094

125530
894950
193326
648219
264761
368573
317317
746180
359297
748552
824106
215839
160180
688409
441239
159281

590000

44042


98891
472702
552469
361059


721477


655924
595056
59043
681716
499268

855738
396767
123577
698347
562442

637911
706059
140595
832706
81154
920381
254416
536433
548694
7859
6102

941823
760153
639510
414876


421632
220203

576239
639971
46749
178512

501222
302547

627805
756474
678127
514421


458317

610498
815511
43707

976743
492516
201784
827000


391176
916457

193636
841439
726576
527901
395862

780602

926247
284211

495354

289872
654484
150546
178861
325468
239047

693174
810228
600665
831755
555646
153885
367882
268163

659752

217064
190531


744750
91167
961303
907695
362832


725692

292909
606781
333693
998587
144419

320226
229308


638629
220648
32788
513463
920330
904093
784634
868616
846314
917508



953012
125084
95939
54002
105448


955905
646659
744034
142885
323489
269617

852314

514063
455989



271972
641501
374878
834601
517527

586898
585016
109053
2920
470053

429508

94124
891838


420832
137072
259105

782733
905075
352108
955337
492744
725456

411430
1460

180974


271973

437723
737052

492032
520923
965320
835412
306209
483650

900252


452063

245133


174475


672213
673201
817052
750840

512502
73878
133898
207816

360846


206412
938232
177125
325322
282068
715580
601680

509436
793353
417329
280472
32750
366027
971618





507050
216145
375139
450895


799118
746490
654178
723954
923066

477856
134778
797664
595570
981399
725727

205634

253445
995416
110150
775805
689294
430224
316223
851275
199130
544207
453949
267518

981439
966624
112118
673431
989844
289275
499568

166680
592792


851911
452122
319575
814714
83176
718796
309178

901998
513537

133805
231469
783513

519818
46907
666816
290551
480716
560428
98090
482368
855348
490569
157917
607285
84348
933907
356734

351134

115101
412019
788216
686709
294023
803137
155140
313188

984092
448957
969048
699185
974734
325058



499283
889771
323953

856728
882304
969041
575923
191249
426992


818544


167321
381337
304627
823213
490386
344793
527356
952627
116515
566273
701140

620329
566453
368465
291269
883921

172307
837409
298008
601714
111735
859544
754093
463592
917953
79019
342494

734177

451312
458929
422375
774466
70361
594764


426671
260308

117989

677890

843939
755208
570973
211050
972805
742332
238859
227728

442825

517452

966890

992222
918110
482866
561503
197490
87289
503013

536418
390938






76009
810918

345199

382943
192724

664349

178825
697411
540231
26173

729883
568007
847707

570644
195846
959815
60808
810944
282937
402151
919317
759957
732097
457557





880370


521440
673069
541338
916436
606798
578658
650695



985849
935065
685825




354117
356520
834402
900588


289111
999352

800332

877143


562297
944100
266089

623427
901456
113245

684158
616834
747415
578103
651631

510202

538962
734712
460962
216106
353918
184725
402638
340020
191871



501912
537689
643233
469521
879708
935505
813082
150817
932200
688282

807239
202314
758007
774638

93464
953991
697062
406918
940535

831344
935300

626300
685458
713417

929175

552648
26906


171058
704664
784509

591831
301272
342814

926020
636887


19952
417831
364811
7442
571628
496392
844594
639310
445768
217246

144654
972286

653641

339283
643851

230349

139958
385834
45849
513814

908141
128585
972962
645292
190551

749013

418046

575898
160078
108835

459330
969770

189268
500435
205596
357072

819447
255096

240198
633258
190276



178664
357108
112605
6188
450928
488646
25185
670724
647954
279221
618654
714417
372772
435540
331389

542227
564430
8112
123548
789116
939261

877146
233314
65554
752899


922136

270041
98440
337644


585991

242762

809936
413304
672572


966177

749436
378292

879473

3931
431374
690037



794078
189316
286822



829908

819404


136205

460154
193880
402701
597322
362043
182371

594143

142193
91632
604450
644076
547622

956092
968606
621235
474804
780375
437969



961175
278427
47113


419688
296667
767612
773646

356331
377349


390608
319018
126898
459432
999257
590344
305812

306982
605822
166666
456910
51911
615664
614558



408343
645601
694625


823807

526558
478861

390821

546714
398274
228428
503057


620861

109950

165864

80797
574591
25499
82601


776741
255545
489299
489727
393052
488196
139605
407542
987967
150360
461801
792169
623483
909325

252048


569936

682838
601183
907358
661581
476921
895075


879451
304624
692646
413328
392168
827981


622545

802824

303173
208764


735177
488562
689752
113466
590046
473791
894177
440546
989315
556698

810392





30128
683730

61918
741893
429671
366242

926127

628055
81573
882611
61932
939035
898801
304922
72141

223198

782142


594138

753346

183470


365244
369256

114974
572025



393308
598025
377692
317024
950525
99565
296512
9590
936620
346227
158251
450813

226449
613354


563806

661989
30049



536045

338953
505880
807026
768919
438188
230578

903853
51811

328721
612884
814906


459338
510427
569285


141974

853452
577016


261336

93067
62226


512707

23880
22995
487350
964791

944205
744903


825604
574800

605636
806303

758012
372372

698898
372284
498084

238830
392335

723935
929115
881395
844149
198379
208607
740254
329939


414349
888370
139296

34731
702256
821522
633645
632413

268194
400887
579651
125665
793700
653989

860784
757756
820882
869283
832377


411063
574020
683993
900229
981579
905804

333369

804825
754095
535727
205100
537318
450937
23440
913271
776009
383276

483285
702152
658027
66174
617933

425860
761799
657172
330522

879096
969080
140842

331639

584161
349729
597488
179907
892761
376385
306234
938417
583573
250657
972759

822584
257683


63270
614095
99557




731863



855820
293867

478119

984643
811767
426839

263742
571056
735045
476344
599970
613837

688473



577337




515530
493353
564466

577646
967622
300100
606629


460883
468449



910804



349033

253572
227780
862025



579411

48627
423516
562850

287849
470497




115244

280509
159608
915001
963950


667090
470712

6362

553509
137511
475874


553272

47637
858959
941890
219485
662498
658308


175217
223482

33719
375815




949158

449881
230661

521695

643694

778787
822083

920396

402960
167307
339348
703679

801889

939954
641286
106358

773435
416135
692336
943895
43264

384104
53398
631088

198280
219080
505327
689513

961356

393814
754931
773712
652210

728290
174268
339966
352945
557017
970912
489146
72571
912958
343518
977898

714817
954901
730917
726084
166437
462020
888635
999029

788925


229236


766211


750256
447733

642872

932496
180537

378169
987834

849399
622538
843419
18541
142287


343379
919235
159194
111184
342517
942824
989891
233190
841776
890584
617976
666166
595334
594702
83069
749040

944360
785996


368215
778561
535956
779352

821412
267977
80357


870812

467254
969937

786546
590865
81875
116558
634594
713274

478371
449331
874186
767041
84131


931298


462224
517589
912470
729670
361429
310050
132216
217242
870283

806864
900941
844717
680538
479712

49111



705124
944658

830056
187130
255886

279850
957094
675839
819406
838507




395836
328586
738838
615609
427693
100
580651

7957

301492
771587
836443
361592


679512
790154


573768
464379
76871
387925
715310
474285
360997
671401

926737

265644
514846
499739
582722

888349

813578
240620
77565

365661
848438

587870
958127
120069

433510




957714
801165
259912

405370
556255
428781
911838
113222

248698

877810

389727

920363
726293
875083

131048


115987
810452
671135
235191
805102
740553
851911
373926
56934
750546
334062
385299
499162

274190
641784
32221
692838
849228

268088
524786
128154



223682
791413
756968
390873
632080
234895
415127
417539


647534

755515
685610
906197
710389
464999
579876
771321
177409
932493
447193
865723
963752


197557

907583
159678
131923
675076
378509

250796
362660
363907
853622
794268

235224
660106

660978


724260



645884
976945
567206
611063
153435
867843

619479
473720

504266

267641
59155

776656
311592
17908
913106
291512
689817
850090
14785
8899
821659
165464
258231
324057

626182
887701
760911
945150
998873
520211
833419
429296

433205

712222
937830

472293
458879

97400
679942
707468
372200
721271

621019







850914


676799
751432

724503
219092
436194
719331

797367
259979
191437
399912
839416
599061
117438

77184

272936
775676
445271
785609
675405

266932
670119




657225
938605
818253
991797


607644
748851
688415

488451
111453
862792



162437
290093

31111
525671
80290
501063
582890
239182
530084
751488

126114
368861
898022


108688

328563

792882


613642
189295



886411
699566
663251
111904

922803

481894

153891
470641
757187
41661
761870
271512
191685
180278
144249


751414
340165

279483
84060


806909


198324
163402
573357
24057

844482
972594
988713
638065
56864
726728

563505


193991
425794

862204
137984
396222
719155

724471

626561
526074
625508

975124
284687
285174
626714
961599

614957
414267
938279
240839

551858

543686

154822
147872

785628




512594
198837
821366
254796

847760

482642

354390
822504
986951

658074
352499
345350
51664

746315
668122
164031
7858
450922

332796
715691
458068
774000

686961
571896



47425
911568

543108
496800
663415
132286
907145

458944
905416
61941

1179
575930
845254
291886
479215
768259
373489
268863
222571
490539
547551
971682

518293

676489
148993
720171
307827

573626
787544
34779
656720
494395
571407




535995
771148

921790


301736
403835
879397
308262

123579
796880
82851
821363

526449
444996

750625


386133
958788
382633
765536

226921
328124
561396

201509

525080
125020


601155
837429
980620

726767
891972
436536

213183
224062

9396
472325
619723
869437
659882
296302

802823
742050
97970
423289
183216
243959

62597
288989
189067
692997

385500
934349
979344
932888
215224
477917
23427

690460
863011
618049
592005
194024
611371
301238

243827



50357

309090
857592
437059

989646

836023
695782
388539
865082
582374
928314
606993
94418
44993
867810

946298
807922
405032
6732
529499
717099
863176
674343

787942
918221
913872
786632

430361

97368
689592
648857
960670
302791
858594




332018

593876
408196


87633
112303
552398

708429
906200
786599
788572


168698
244939

72522

120987
985287
564208
66317
808306
565272

10514
403050

58448
828438
378276
88314
137807
486361
873313
484671
964507
968315
958011

177812
193603
698528

951027
984547


620444
972379
375709
395654
120047
975507

573043
304560


225856


639935
88913
758717

433826


868967
811119

740




513406
173038
75836
442939
369516
573976
960299

912319
705499

606409
666660

581379
715334



872308

383139
116388
524158
667848
518925
214329
864977


533627
624755
333732
637771
512804

611382


93493
51814
806362
959499



961662
189119

804569

405479

298358
39219
842755
764963
526309
422125
368392
276336


813279
615165
620455
831659


534503

475409
443942
747811
575087

600788

173900
431909
372827
948870
532156
501584
710550

49378

988871


454062

584195

955582

742122
17708
966743

338263

817446
994410
265758
612279
275161

761431
423008

936442
627501
859599
209220

799128
72678
862524
842928
850014
910806
61530
992898

396679
366253
873157

149515
895403
530765



168741

174856


520049
875316

196201
256992

928929
238725
195657
451974

801751


974942

249896
830471
242895


9932


387248


85077
293497
489198
321197
233794
246147
77694
134170
203304
64592
485549


861666
58162
917939
930531
768884

517321
807735
980098

52159
70380
732840
583389
298328
692777

97174
493972
131025
843142

776222
707128
494546
904837
971188
932688
629694
408973
479781
288630


563083
336379

787243


604816
426742
191834
761398
693142
579411
609816

186444
896468
949313
920266

414853
634079
523412

424864

22958
301634
305652
335347
756954
798995
888354
471023

529219
203307

632994
128699
64960
980454
180541

539193
992120
304977
101137

128962
608744

602360

91459
185802

225113
192060

256073
428037
541682
63967


143610
742942
12585
739649
939320
538518

553125
540080


907732
975582
983943
154714
128340
612721



552008
421341
561436

506956
31032
944679

401332
607523

775605
170685
131416
870406
172207
746270
632134
358184
767104
295382




675146
660040
863719
405741

978769
166032

410535
732355
269096




991239
49476
968815

294996
456622
208356
738825
509852
456028
397018

231649
576537
576122

7308
533277



507656
165636
418664
640862

340743
986769
198575
972672
364242
233687
802234
303338
344734

646092
310148
444814
222122
336638


721688
655652
207208

607851
204456
162249

263522
986791
97669

421808
983087
791473
374385
492367



301492
844720
472957
387059
257673

771368

281444

271113



992470
29608
710240
636286
915018
654212
576780


871500

967656
123770
373864

161072
2444
888623

939136
276930

304413
485302
468303
135060
863115
552888
681897

234208

309538
5805

682112
914105

791564
730381

725036
69599

332825

677889
625086


921145
805100
619439

832754

507255
557523

118921
786977
637800
704831
156956
875674

570487

824024
793084
504600
460270
139154
122205
340514


621421

143946
723047
145057

852904

904554

509432
233053

337091
398993

373049
475716
499763


720215
468607
741757
113148
710636
277499

752167

327750

636515
141415
70219

99715
804029
32166
326825


116511
119898
190035

441165
858645
448981
773213
613884
440650
49374
759000
507764
171852
882490
861266

367039
801580

960703

657828

801423
37893

788981
592094

949564
895634

482394


6467
91267
543000
973789




996449

315499


263242
889418
593238
717530

843437
187538
780470
993021

854859





475827
171966


153494
946574
523027

432058
182703

764656
125719

191561
476135
697164
46361
757442
168310
495810
662213

534402
142154
817244
558977


222990
124265

955346
464135
37161


139901
440380
279172
148455
708228


869218
677556
548110
794826
626995

972140
788776

632181
734287
818173

693408
132982
118975
507169
36002
46162
246666
171930
102559
52457
467260

21378
377921

186803

373970
677785

174455

672972
875113


164538
548922
786323


168133
932592
488873
792300
971673
135740

643131

513457
581134
805568
363987
18958
597602
360098
158002
4639
451463

910373
560892
229590
474469



474048
111038
269385
626990
111763

344093

824571
238699
476028
276128
911827
912170
113615



122788
836128
949509




367504
831856
179341



167363
782378

31283
264097


837503

969246
800367
909832

676304
889764

181669

511272
40481
597233
644260

856370

880421
583473
485763
609604
283014
448861
512874
464912
243772
894547
787305
300927

445732


562652
265034
398248
719443
759588


254465
956454

77980

518995

213610




538509
947888
512646

388943


853804

117222
810653
371783
363413
642725
978817
924974
911838
249562
833166
228837
814378
986615
975169

539259

292143
281670
498330
85725

817944

74127
496403
324053

953981

603349
408165
497135

978222
149140

257537
948726

764823


816154
798719
654146
189554
232035
767252
721633

412317

154595


617361
337851


888797
86741
676298
161735

883331

869619

933377

459018
871840
701610
112560
668840




384349
762497
587531

258469

591043
282583
52036
789623

936453
271082
986477
392842


499061


17597
999153
685887
506597

442202
898513
837283
930438

921215
731724
645883
534723
517572

197240
452645
38475
226008

487142

418257


692102
643900

25170
288564
661994
233091
85953
760427

2527

942596

31770
710774

262643
261880
802295
216907

106991

50670
325872
918155
821929
838112
177948

577676
843147
978970
121042
925589
121733

245599
546246
688771


468929
339555

811732
421608
750599




81221
82277

780847
343886
666768
894626
66094

292627

641591
27074
887867
849661
923685
718202


52441
306081
671073
727095
873658
358081
562611
82834
481929

36606
744222
944732
512793
10104
250676



403664
465240
759417
777095
766720
564169
170092

328148
116714
342858


934682

817994
813915
620610

536935
302834
507750

125319

416178
223752
937475
525491
874292

49379
323901

463960
589996
27344

98085
154515
436038
274053
221740
680151
776105
535189
316045
943900
580693


424856
604579


97978
537596
245359
798225
91150
578335

600486
445312
402628
336241
634527

366687
428999
784263
259160

904427
653959
2114
372760

327189
486091
137692
475507
553705
483243

192050
41559

85244
646805

908201
630626
948786
577820

184374
943577

769372
316685
204612
892889
772795
327413


520519
478464
706392
199800
200919
985213


990013

702721
912900
903229


483364
58421
142079
688178
559465


573664
392248
626366

848613


642330

565212
988313
144505

152451
376572


309279
93120
338056
30308
205176
187664
573639
226808
265845
201828
377253

544168
689379
585901
966561
254447
370548
499484
877622
162970
441794


856881
774566
957671
631751
907817


4625
427590
758487

695779
377215


428821
157780

34491
44730

622758
988479
701997
604466
903832
566381
913273
222502



519072
288091
400716
753126

157431
587470
1912
539529
67528
437098
561920
50346


675175

268935
403619
381883

866090


463570
455390

937042
604234
505086
794415

92345


936856
423260


256097
530542
467937


895566


322464

352144


291322
800889
354530
190834
875071

414474
416497


729256
316980
349562
595266
214867
908735

904958
970221
156076
826532
347471
797048
474081
985632



926453
763221
479041

491800
620719
339800
644363
118141

572256
239914

328922
414114

475982
744697
480160


284859


298641


917679
206245
335489

955917
21330
643499
181658
742323

6178

475352
665105
243429

165338
164223


826075
86082
14030
47703
951462
86277
10804

84370

827233
100400
901264
774149
416374

896503
6739
827071
159763
290528

716229
919123
261994
726496



234461

407027
655218
928594



579066

3716
356639
723136
548926
528160
429911

831632
585611
656447


101181
188121
931680

531110
294485
592134


595674






464077
910495

114798
270424
418470
162125

143898
713032
49061
574684
116528
385674
147671
174451
754214
147492




1973

997569
543488
441522
854721
670232
573607
634589
631141
860374
498796



804668
963725


456005
721562
299273
832634
873937
842428


179718
220083

936901
430683
148914
307181
87295
859895
868847

198127
878355
67686
268159
131153



939073
662204
477072



854032
159483


105040
52296
927913
825022
816060
879116
509583

833002
923881

716594

958709
692475
653690

87498


8546

429199

799353
764919
331318
326435
396083
799619
943460
767052
352136
361582
412174
876877
164588
531062
326478
996657

392973
345556
166466
975069
366925
548321

729941



114738

450771

512738
456936

2019

152757
535941
353288
268850
389405
536916
508748
182675
646167
59168
296229

366611

490681


492123
14964
624419
243189

312029
577570
945822

20138
573136

294223

581072
878808
18227
596941

410684
595481
392275
438836
548392
320280
497783
64589
257705
93201
834619


319254
576563

407904

478506
381168
213203
992909
573443
538774
254363
318355
127564


539535
108709
74351
351101
513811
611822

910916
15641

156110

987581
155162

687086
73225
482218

530562
944386
546512

613526

663915

797523

261971

70170



628359

261977
812658
297607
954840
687775
432138
991230
299471
737399
314102
861557


453608
804671
441120

50531
552159
173299

883954
471982
400799


63455
603749

288353
373791
966227
589508
654437
964950
249892


422289
809738
76056
326611

191603

977747
511635
570199

30595

776935

82274
101237


502147

980462

498583


510992
656718
238885
757277

831532
188077
623322
236360
61230

838862
879958

752586

615927
426251
72888
221355
124103
243972

563118
923939

5989

513024

702731
595447

347012

755074
978437

61045


305419
733914



465613
824101
845208
5372
110343
601704
685178

167173
828872

592178

449521
346260
780381
224077


738702
130620
357689
636475

831935
628790
718351

987295
354560

767576
408067

808192
773987


745835
471352



834107
197496


794673

689045
69380
444538
931679

589099
460439
328296
943503
248155


819474
725628

980614
821051
219392
163699


978775
996767

652447
564694
437763

901176
111583
175693
644323

476496
845842
196314

287804


570818
362188
743074


781952

392662


300593
940872
629780

551021
296522
154197

288957
728463


699454
284900


678033

576488

964266
10652
702236

146658
87631
118482


384847

705928
776141
900482


93510
507581
434618
315895

675941
350314

177818

933408



653559

251000
575669

435930

752062
481204
37116

245994

361197
315213
321967
72448
43714


303245
607324
812383

63678

97199
463896
129261



660744

524294
565653
680836
962462
995145

900958

295705
265795

43205



571219
417791
245647
702943
184394
586805


929202
194569
407951
508757
683758
132870

126381
487025


756009
839202

392113

733361

826690
534666
617842
577921
192593
504132
692230
971641


149333

17994

232262
433334
372773
298807
882009
307269
53838

109131
181735
199964
741982
793677
283837
625327
189779
584876

103600

663748

850453

931381
437455
61653
455889
659901
772005
310030
935033
14290
735243
130603
191506


358719
157299
154823
408283


40999
929665

751677
338763
709672
162380
897372
825782
15597
604793

464485
562132

840149
181845
905588

46562


680482
446864
245609
767928
46261


185798
749573
437630
882748
847440
707020
621267
619464
742048
648047
939465

746625
702534
451401
257675
739115
719561

561556
710372
134831


547437

162940
541388
583448
196663
196785
213282
582241
288761
588117
544752



957619
139639

283384
808134
760470
8538
456950

1111
221553
747728
171730
509099


928337
250892
45522



617437

385380
837580

399054


920297
13564
549416
991457


56021
387697

971692

417734

152072
817797
623981
92707

107376
852979
608156
637470

397292



749094
814652

314059
837004
331561

261509

172571
71313

480670

322908
616673
928568

667777
151733
923553
814173
597679
278842
821085
370227

184242

448192
192945
391644
923850
886082
590192

494214
93126


104718
184707

689245
925295

355537

899546

592043
222931

426718
332751
122211

857189
958913

123627
46062

508067
501810
67317
889951

467078
776101
213801
763337


549681

95514
908705
993658

324112
38046
49511
257332

392639
144683
269608

623784
151514
345671

149692
585198


43486
784419



34789
561117
986792
17259
6350
955568


500319


190671
932526
59713
525902
25577
228123
481313


239093

184498
720981
80169
326893
992553

898680
184630
505353
925691
769817
373138
716684

376993
717171

990208
573308

860165


167821

672887
82785
163376
831462

159677
5321
471307


170912
428213
184777


727078
576450
584829

631785
224104
195101
293374
856270

367253
382320
20844
514392

175360
112308
531746
267893

472921

327493
109500

489125

289278
61354
202432

141027
778873
323471

379101

839937
723370



44744
148825


161146
116637
825414
693632
967363

902200
914259
722410


687435
525741
694316

383595


