583327

609367
887593
304709
766411
856633
512061
29896
128515
904114
254982
882929
664229
569341
7176
564280

979135
664831


639070
571925


568356
516323
595323

888320
416775
97936
782333
577825
475626
642276
525011

512797

902527

817858
641238
146769


642153




548743
335702
122290
441097
187235

330875

893730

942527
809026
268998



385528
638244
734373

557076
862970
525942

398488
944610
560331
194174

455429
311633

226343
987098
804493
637595


415824
267172
291091
526416
558707
736682
259791
987630
306525

764403
252322
302766
80463
127852
640018
986378
928259
252956
551926
953636
753012
349425
258125
85550

992647


732763
989130
311000
826260
499113
905426
465727
781073
546723
632116

711359
957206
740055

421199
184350

697911

443520
779064
8184

420832


678775
9169



453791

691099
237183
639
247866
717153

296280
953827
542423
489243
585467
381845
330832

750084


983993
914710
927314
374175
376533
379473
663469


386304

749313
384959
29242
993035

383281

72148
342491
333405
661400

719369
877788


180501

394959

321522

86915
428034

489153

234963

305936

885351
916613

449792

904409
978962
432597
738906
178050


373478
751251
691565
948837
635117





427905
384522
787220
915703

78204
569753
449003
754201
727118


178275

862501
969929
764565

760024
103232
876136
575702
876855
475179
20907
8339

512644


80860
828044

798066
16745
765226
208961
86912

417514
391636
710058
150155
94121

694812
691176
331166
623808
279394
3618

106006
697602
318357
588046
497089

75674


955428
290479

467055
137373


982768




171040
511627


23669




297020

11202
716952
619060
233720

262851

544357
547264

843099
392023
408323
920518
846705
97479
325173
932397
902805
309986
584686
223026
366161
427122
822347
347978
132581




339558
426801

701023
345666
457042
990734


753199
211176

324431


619165
670793





794119

79178
171418
276510
221857

235281
578863
940133

715391
177504
726235
618867
315396

758584
804559
299483
923086
930931

445129

489396
181003
506356


193558
920570
35723

419788


852374

285432
739931
607175

324774
501546
591948
451381
137961
495600
447480
982392

609640
88621

500543

956060
140638
380649

940071

80810

340753
861314
102307
425745
433411
394307
746840
450373

736072
254087

955350
692943
317292

723280


647617
633432
968990
422939
280834
170854
49165
119460
360016

242296

517802
719072
827635
396080
798527
887210



886721
637071
805522
664650
409184

255890
767999
571868
651195



23537




167985
859561
83503
733206
241050
289567
618039
164832
835714

880335
78552

755797

917788
236113
861330


987919
837566
331757
810304
920435
96236
176194
832572

707405
146211
653255
462978
370974
650376


715361
106076

48449

37236
23015
464497
421085
816949
301888
643956
596348
78275
135033
242113
559914
255041


409209
104924
672621
560333
542102
417349
121635
513318
162866
972794
949526
686535

154656
764628
873267
329740
353768
973909
726527
685812
125348

680552

215249
8044
962697


447510
359215
905524
559909
886783
450784

8691


640721
800881

676591
411178
161767



941822

348765

749837
223517

89337

33588

195672
961890
362767
224407

756127
488258
906566
326365
847455
694701



933169

951603
634515
568165
189806
836701
11723
448272

114736

532632
439859
495980

828055
868002
100865
874609
871049
431834
771747
668793
836646
652283
804501
189377
946652
219914
642314


581271
969943
828751
297280


285336
895965
596474

764259
713628
675103

649634
955756

45300
292696
836634

229395


329488

749177
806540
251710

567549

831690


261387
158653
17348
969291

261274
945018
92162


738021
11595
65308
888892

205987

606182


417285
341906

979605


847909
438954
608505
82178


72977
434589
607663
859466
633363
612519

159907
976120
932364
204648
130203




64658
328181

214956
686381
403285
710574
286006
208875

550952

2722

365654
436596
99294
983479
14830
91688
32970
262578




996613
508022
607439
585327

264973
648847
228247
656111

195791
244525
502199
352652
37930
873469
49820
593235
329513
893412

404657
410124
762177
792136
507650


107516
933178
913128

557499
843684





502398
272782
270684


791377
56102
2201
865542

251049
596643
132775

164604
52065
579346

184783
384936

758016
823236
564206



68399

698607
663814
912877

936875
397815
48591

191072
300336


515475
777724
850019

793050

189997
94355

644897
576119
227867
273469
587214
315105
249588
495196
90167
263854
767719
266608
888898
321967

269531
580605
746732
800013

127828
407609


682646



748328
95095
926855
583656
746935

745804
642381
55253
939732
821614
392670
452839

49164

842374
761207
476219
322536



107201

878831

72962

492496
733398

48545
640199



974517

923145


606551
376619

938924
847895
378770
132032
843144
300309
805887
554758
754201
747201
33081

613047
695271
100152
342231
314401
165098
912183
42266
654178
561722
723470
708253
62078
290797
547350



559444
916618
221229
650858

134697
502369
93324
856305

429911
803795


653832
678509

897812
436623
473682

414401
869221
771251
690145
425935

814447
893005
378490

528066
181993
3926
235686
346434


265825
346764
965179
165815

424084
724710
929315


671363
257813
362165
427762

685042
51487
54205





885360

148354
841191
684886

719360

169966

404133


756713
913967
760240
314080



916870
682858


94003
157584
424845

610859

298629

581797

336360
134643

467239
588199
206654

207389
590794
775572
621986
392246
819280
909300

244820
67021
695088
909328
679258
840447

834729




46273


699934

127610

91334


826326

997619
553557

844683

348285

895268
621072
374761
68689

372264
54155
768168
328808

14629

783712
367423
971391
372639

140617
165184
672313
377431
495564
449714
349057

67001
548740
401326
373801
572317
381861
97754
411614

94923

68264

595296
44507
936071
832160
526527
67887
182567


244537

452062
579501
101448



334808
822191

555374
420477

838042
155834
610582
239569


402383


445893
296825
496108


633855

403724
985362
283552
965218

429954

948812

54220
352396
544883

662536
607265
103735
841353
566913

352150

142566

817979

128131

152554
606525
80301

419133

700170

456113

929285


263580

614962
584607
765339
337371
700398
559517


557744
994606
514269


207320


883738
71102
20194

431719
930597
862995

895460

12014


99179

359169
430878
357846
536753
971048
342087
626277
636674

568778

584308
316873
862105
613061
299154
982729
66538
886210


293123
97552
519226
454783
761936
577227



312214
586971

692424
474622
981955


548510
649781

50350
918235
88676
140208

321084
21579
966327
475865
973722



395067

65084
762878
889313

222596
510198

13391

515302
474867

536464
51677
370307
113037
252133

915659




584943
820654

99263
274226
523422
250688
117871



877635
750565

168207
583252
315699
388967
684069

628837
755309
967498
108297
927135
541927
848428
195290
39909
954039
260180
29179
709456
617630
429098
266979
371336

882643
809881

438917

459654
129610
830216
668062
631226

470655

602953
356343
176883
136931
186484
281716
646564
349934
235746
344163

281045

525428


649443

947476
308676


923889
458649
61135
357208


153359

67760
515384
502218
441038
72201


435729

651511
377331
602263
27752



288183
60282



136242

377647
277924
485710

732709
601037
291220
243799
683812
619938
567155
943009
132399
861105
367912

497412
23327
864770


257083
398061
926424
205055

546076

914844
673369
607865
317085
948323
615542

456997
533363

630017
49647
760101

540023


23232

103427
736144
978687
976704

783037
98685
333550
329662

327441

143057
450050
801735
473370
947103
272378

357899


227262
983415

629031
473387

235900
490000
799692


557287
492410
149249
487554

675048
968201

120785
625289
591253

464370
127596
150078
513944
598319
706794
873209
660052



134491
176822
113974


191256

145886
152116
277719
705649
454631

341103

124019
426242


821195

80537




964512
659841
577155

816905
120330
674047
386839

566591
442842

256473
86432
184815
956589



776059
376372
513846
860868


651341
516548


772645

566969
414837
712476
432682
516936

467187


488714
148076
305158
935657
871113
9884
919582

523163
309434

766765
171281
656684

244485

187909
257555
216465
471002
286915


19242

422559

573594
355712
30286
818316
390978
245195
729321
728854
294115


647341
693249
609018
482529

123809
475051
434693
982362

469672
799763
448921



879913

919623


787327
990356

260382
182679
918193
238645
234363
847901

562828
193265


66278
651135
733758
323161
733979


873427
805075


107620

324241
719809

967890
180663
363041

753392

724550
430368
474275
956582
154574

724497





208051
702257
493232

365000
615408
716238


553242
724153
451153
276213


592098
335607

955941
369980
201336

996391
988662
36886
634314


848392
91074



797417
601896
73957
547674
914288


804689


916051

149857
109717
969705
45903
132863
52082
331946

252084

936128
226175
661696
537747
407514
602661
953823

870550
668874
299186

743959

676535
579266
488028

403462
959825

580766
419724
274398
198734

708211

786075
924618
459825
505848
808342

695050
390228

887706


192369

572827



521365
716474
91397
666606

78899
415676
207723


753722
81467

485132
292803
900838
975439
568963
615234

502330
789616
913511
877463
785558
581631
218889

98372
253498




60484
561559
698733
855958


707053
881897
149083
426240
110375
143767
158007
264155
375301
251163
304965
556060
538973
341991


980239
221016
894627
477515
84519
393412
353676
125854

696933
125624
479045

640530
263496
262777
919944

485995
855243
807026
416997
1792




412075
158761



614967
899323



657280
537672
966712
611053
945417


587722
610048
839435
867234


321993

401187

862513


314252
817770
514902
931560
585706
165428
699995
274343

685531

46543

854432
559016
921716
300668


200357

163752
81463
882394

313101


234809
132292
636991



540310
579540


627492


966065
783880


631295
867400


841970
649047
632331
799285
827197
325336
948815
478912
439155

346975
474461
17499

97206
729631
98470
395670
246753
748604






674287
661746
796363
924428
896981
943868





874017
572043
360870
743762
702676
764698


16667
796335
25323

513834
743562
23181
100612
348277

15467

491860
455797
274724

332926
933506
910099
908195

337289
283883
997665
581206

135328
302677

949655
750649


865977
862929
455123
534293
19193
530331
129166
383613
527774

457519
935261

590550
759003
121007


54038

726660
676429


171125

595644
649951
47366
96920
385864
529447

240237

830095
326345
713906
388045
726290
396134
517611
358339
259664
162674
724851
537033
506884
691149
391820
126901

520751

51122
911947
679889

325675
873353
325854
684170
754366

429059



727390
246948
391628
86073
545965

215490
343880
10083

880227
526160

848039




124291

182987

322640
21216
60220
514364
408539

651031

878330

634191
822463
848144

189087


196635



641869
9350
166711
713239
973074
881280


855757
778973



645121
161498
199873
960448
870137
774536
891675
608321
794558


751919
823355
626026
901935

407078
665200
293691

329463
312094

8839
448700
635373
571352
645394
877570
733629
932271
211090
395661
425420
941474
331150
772046

819844
448645
935325
421288

109560
708459
413752

839674
431594
617091
182698


744999
352096
456416
227200

814678
381107
938027
947498




837721

913686

369611
722071
605360

18281
541021

398843

891486

402885


461967

750460
827664
864967

853181



813123
829734

151742
871755




959051
186594
152029

660233
986748

178301
736116

374171
665117


537153
765925

498840

716441
387228

383326
263602
58658
687040
256929

452601
998741
154646
771711

537187

458510
101359
226718
557155
605277

480110
376242




421316
282738

311986
574562
390819
505080
43923


597381
850056
576899
669606
570837
966487

934485
937767
726075

101069
788418

443531

181322

196529
6834
102813
604117
266701
771672
593915
121226
562019

432627
384818



597190
797861



838282
802801
877415

536483
690595
224606
743824


147579

321019
796662
431178
934012
531694
78459

392323
362187


479917

395052
99787
329787
821362

281289
508278
302898

91605
161797


829771
818475

204479

985205
103772
217879
494812
868731
946238
170613



450688
503439
304556

524992

712933
637305
235781


475836
137147
661966
521979
416919



213886


867183
16658
777813
941072

469809
849327
774081

518683
57100
165847

392441


43665
479840




999015

617916
991714

377764
503331
584604
463883
345027
189206
701534
291550
299398


430329
449586
804346
554686

77426

545871
627817

508121
835757



873574
322182
262431
206561

84023
406440
621254
79425

734518



41977
224948


419730

781491


309021
736221
548594
373611
930523
120944

975387
142174
165329

954338

878078
192794
339419
867842
582734


502598
523656
860840
699387
851548

403165
637769
495294
112614
484058
250253
121428

72565
468226
929218
366399
761915


87194
955644
79849
137126

174581

8057
613176
91575
585884


770139
571252

583970

392852
847107
924728
106143
324739
484731


871265

719714

210990


933341
780359
732803
358989


82706
505638
262835
676342
76747
13290

882183
842723


785494

864941
725356
56610
777555
959067

181176
796672
370026

525506
7640

165885
628833

651932
957397
17503
428670
848108


90770
866824
617183
87479
336027
29874
963158
186523
995328
256135

569291
369675
779229
108388
445683
323591
672409
991669
719093
897960


102784
249351


412769

149901
86689
268293
618080
496983
34811
694017
436795
833983
40664



269670

134569
857139
733891
532939
702572
984108


411743
733921
818966
264869
453404

293315
580335
318607
779919
687726
498439
297656
632358

940619
367777
68423
630484
156616
28998
633967

711518

53669
824174
903471
939489
986546
186600
119592
278
779003



10220
731193
430105
294866

717144
960985

273930
46336
682584

375939

61229
202863

967847

336537


765337
554059
894033
322064
538659
681588



179393

532107
35545

651755
916256
905613
221054

233626

246635


522133
853214

479425


103396
428750
828548
702370

358033
235880

196408
34167
2804
210827

458261

29927
655615
497451
922954
904239
981891
186003
367219
258955

722347

240954

795189


140789

871467

461118

929419
567339
546891
975903

285693
14714
807309
292688
494455
878525
667526
454505
619669
622949
750286
166396
264643
824381


806381






323967

144773
482089

30847

74789
710144

720967
828488
997393




651104
998196

847809

213180
862105

287338

148895

428741
162484


762326
983492
980466
631362
986619
803556

558113
392098
393554

194126
36980
108571
674514
681019
952188

959024
671163
575866
591794
724798

868932
100744
42061
742710
318323
742441
725542

739610
322892


139668
357104
59269
687330
727720

466470
639634
83581
509344
782428


303157
889837
905447
254498
152874
333886
466126
238205
782538

553360
820962

515022
204095
63718
246943
353209

671946
830558
596175
129731
594242
122443
684573

843531


894086
843269
20459

502523

311770
78889

134383



655646
866983

309208
962810
344270

378514
642627


541093
415871
820608
506128
549146
994938
13410
851108
373597
864897
603138


153555
987161

