340259
153020

691161
216669
629489
107268

123322
967744
363400
896224
200589

734250
486523
993384

44375

532656
197704
646577
866583
997213
777468
765451
488154
368441
676106
539549
23273

628636
737548
860618


5666

539672

998465

772448
559480

43341
401116
934801


954952
487419
313971
726726

73425
78697
835927
448711

445846



286323

964316
842042


753309
181863
141654
761263


443856


686595
616236
683162

423089

342310
14252

608456
487993
270903
725817
505978
128239
293748
186394
683723
122815


639093
567909
976971
712186
607030

627478


879869
120488
470746

286183



366211
922062

719236





27339
360819

263468
272398
572912
395355
188903
701380
931348
190818
507956
759647
407267

709506
248960


192079
201223
402996


589571
673097


575228
316442



966086


582085
9743

973548

110453
44377
974469
69089
850847
182561

396821
850872
981162
508509

133141
639093
132995
105336
165007
390356
875872
140991
844885

271620
631115
617070
789427
647636
997229

199157

919700
175584
109205


601288
496571
121291
927747
528769
815492
773445


502640
101006

904438
862695

565599
71882
953314
895666
530740

742292
53780

649372

44375
724849
672461

564095
999888
507438

531276
617881
611195
97894
443585
421925


941198

377734
179170
954082


925741
745317
189913
379981

145607
214786
941388
355596
584687
577952

426855

78881
774687

210338


254457



342549
381289
965690
239699
89152
432740
965690
993411
339562

225338
190144
819559
493632
168460
518854
34256
936602
818023
676977
240311
519345
594215

752571
87451
314271
766046

403715
644541

91694
53819

136163
28482
225156
500534
109873
544106

756183

656769

587920
219616

580640
646374
975356
322911


741746


598141


633690
715784



208666
721887
202278

686802
911104
834097


451835
979857
943491
727909

607433
908363

435449


128132
43247
449458


650051
583593
633338

800321

388278
639167



884484
318954
810319

645471

571378
953869
245409
384797
387574

937779



963492
708058


629363
592926
65190
348091
491009
279102



861890
450292
933137

157770
696213
259945

732142
321319
879520

965365
466553
896135

76546

528750
726832
225347
887221
751548



300681
637309
849904

973779
797657

603410
70919
848344
614601
11758
81698
256706
51779

294622
833005

695943
196220


725217
587341
350756
433647
518144
235394


282213
809141
838169
251033

322874

622026
778194
161988
351440
175903
254102
58268
533873
304979

961657
263668
735388



757143

206181
884560
6184
232402
480525
700189

897108
345300

123063
798331
464463

619463

432958
731064
716755
255718
761250
264052
908438
483722


693309
253137
364880
250969
735148
341375

309445
373173
850220
143191
139915
196348
197474
806448
540657
149298
745346
859292
440605
986167
400357
25911
124595
882307
610195
849551
39736
667954
398759

811993
409585

241666
371799
402016
394748

429090
280103
418810

297331

189091
630426
770389

628082
562819


843925

456135
732650

305076
239825
478841


22617
113997
419718
668231
833515
666280
214773

128897
338279

189472

389748
985464

572228

363563
703406
98101
864478
537657

744305
334784



984652

96021
382043
772400
671189
953626
921293
76537
900558
623275
851904
611068
440128

767038
489692
539658
226259
692347
891822
33967



630479
462898
346359
229171
972445
821176
246870

390265
749316
228800
347917
384002


211283

347852
878296

901293
620256

738823
270330


963796


789457
322400
523349
730984

357744
390357
750494

997431
242818

525929
481668
986919


856731

184434
174739
681829


630824
927838
513851
482597
712377
222019
970530
215833
986018
641812
180782
342858
838384
659738
434979
952380
71474
741991
849122
501413
753347
119065

97808
250670
854969

919277
564503
629684
866855
787337
427265

553114

531083

17011
741879


684791

281281
728238
829188
955207
405611

995606

904532

746673



621394

167910

445117


400503
55479
480959
33057
465047

926846

391241
214864
506402
666049

963678
648743
880146
411961
20384
303336
806474

75343
133056

996907
82042

686318
645910
970536
943815
245139
922055
785363
104972
160093



605376

857721
370075

855951
73682
30954
278300
274997
787944

373712
21144
352073


82870

500652
881437
531689

691781

836220
978059


173564
461479
829320
973220
82287
798814
3877
547631
136967

402720


621903
16195
456436
161979

350853

208862
139349
728488
62239



696353
689632
533512
868888
371720
163398
994885
378082
761688
564349
935077
935080
421852

218911


446758
15492
901187
944422
53854
688699
936491

145760



879999
33035

983335
676411
331448
393345
120174
589707

968441
598186

828651
727168
624122
900493


684181
112363
675768
212029

826067

397641
650024
250396

752566
277920


710168

945296
694568
47588

651372

850491


619747
929415

975772
197027
272015



665494
733025


410178


392686
879075

995943
628079
513654
688778
42344

804145
720291
607385
941065
394039
744249
786675
180118
106363
134121
490754
11877
916032
32596
462045
685682
327856


850737
748205
783590
280019
444605

84842
134365

152059

809848
198649
255347

947042
621617
344709

207133
827170
183981

296979
301075
701882
866918

17200

588706


211561
401032


111041
392934
417883

28394
113371
409372

477283
372505

463865




70107
73071
550092
735552
695192
310458
90408
617061
398539
56827
177680
943127


693094
926394
426110
47384
525374
573897

44942

498658

262370
211459

771317
343687
951191

147800
886209
513904

84310
217754

720686
152818
376948
293490
219924
930856
585128

154011
761470
163733
913677

470477
14670
431585
784296
842914
296105
738607

859306


94339
210837

492813
434781

319108
657864
173826






479629

910801
5203
253551
14868
833715

870796
243904
721315
87714
823983
962808
59284
241366

707191
786016

514728
994657

439537



771476
433285

311700

377007
390074
827300
520427

949669

21335


545827

586931
755030
344865

479754
901688
380398
896017


585605
252814
365200
775453
939113

60540
340693

759532
547268
377417
663234
228226
242693
825172
636557
737468
81852


985889
144543
166772
249394
893682
746841

748580
837031
850644
936077
569698
896251

719683


784255
860002

62188
548717
532701


168422
304048
537757



108953

501395
632820
529518
274369

758654
226921

916716
686178
906934
752054

35407
970400
340657


118294
329419


569051
678339


598253
679199

900644
924011

462582

537101
800986

673589
288731
891444
573756
983991

788595


432194
204456
553791
799899



51355
271344
871734
629402
470724

566778

906661
558115

471696
340915


751321
758117

181004
887140
582384

956053



309394
686571
636992
638880
849713
728886
647864
810648
728160
354278
240474

154040
536898
360392
65161

930169

266438
163480
786809

415227



807740
39144
595188
151727
376646

636539
638870

556085
22712
729827

421750
885725
912360
852216
378058

731304
515521
562851
948719
444805

334903



244342


903376

318104
386127





229493
820441
502842
684212
642728
621074
577405

904054
338806
159991
26552

898914
602162

12029
696718
573006
337847

91177
913638
193052
278249
108569
557241
600898

282636
560618

224181
793427
209896
464647

722041
316470
790512
402571

142150
387308

32988
925303

661544
783015

448949
697897
227996

659290
79819
43653
678976
464232
14538
116084
137988
293980

591054
39730
591030

19716
37811
491320
37160
96052
496619


755739
420228
773752
48315
283706
715927
392599
592210
55741


508881
746544
442349
889030
294723
22360
42075
443880

833127
211720
950217
955621
829440
886557
558092
912899

505467

990589
176095
557214

598406


971655
212095
248694

866126
551251

439150
699147

312813
628837

965370

591869


683406
808338
135503


798708


132093
125382
159576
280420

319131


84254

64947
926765
449299


707948
772452

776097

217008
286198
209324
309845

356633
98482

528271
87848

695290
629468
434719

440644

466991
676844
759314
184961

439024

370323
258314
64522

714194

905741

969735

790764
959683
716661
44991
823042

449138
328018
531849
279972

441113
234353
202165
96099
947965
492738
613104
2700
75075

39805

741935

200714
119137
910268
246714
977029
637561

171358

547328

261524
673212
181859
110359
279023
286299
49241


581644

471454

816450



178672
113402
532268
931
450944
350120

377981

159747
687718
233697
647175
255505
436959

211045
541926
69436
891625
462669

511019
500825

33098

970800

943937
778027
85416
87843
860078
783496
431874
513913
684719
891172
525979
88503

322588
534518
180165
191251
88832
14007


624672

200995
646215
528133



652160

939497
839885
3260
981333
653563
983905
698891
268544
769927

688137
300061
930757



289743
597216
542406
535924
638229


1537
950848
96511
350329
299257

29083
849052

676573
784205
88204
574763
657191
858853
13420

881208
982862
319531
505818
241965

83682

901469
195213
350295
36006


447527
414406
228341
916142
548725
308609

684058
794793
378835
923483
468322
939285

206040
919304
598290

471409
487934

389908

357449
371858


879550
962058
565375
931040

797120
389258
375560


492454


343373

991281

733357
773165
849200

481549
248576
630100
178777
672184
533000
90129

714058

800379

58922
857039
591760



115758
439732
862848
858364
370460
387338
633375
958228
297781
21722

152568
501509

462490
347111
420755
56855

453153
489187
391299

889050
718393
589329
498869
925313
663848




159112
652471
368377
639279
278787
873703
530384
340174
993789
135061

438024
365583


183618


597371

728086
479505

805304
636471
825045


181692
224376
554514
597093
78922
829502
119981
685668
293572
710309
58193
262885
429092
849397
506376
863817
591582
854241
283141
306623
89823


782466
304119


531770
379428
402402

596671

486899

71677

58933
45411
467067
694841
781611
957125
793770

878301
459720
451070

563813

315992

59344
726695
616224
737513
281355

380514
665917
735612
86785
120348
691412

84420
784379
942531
50675
648611
399464
334068
152622
189263

764525

433275
492216
21219
315374


808207


462736
383939
440273

473087
339666
450542

217200

40534
71104
55185
873948
205845
42013
326528
846583
548430

239312

37376
438393
698059
965662
612247

136729

947618
121765
543913


319280

909820



930249
647619
471963
672261
587503

854522



682802
336445
846618


140486
730472

880865

666123
432404

830999
712820

481146
310341

858326


53817
280767
489443
15143
271437
374163
544681
89650
107808
681378
145482
15657
386209

847455
318945


882421
360517
300446
776588
756915
663074

395954
815758



50340
146876
872835

890280
17791
790055



316535
553568


843179
22491

185760
75999

696298
351672
617352



941904
47945


777730

700265
196452
995327
267929



211203

192826
445121
272984

656187
569654
830482
940790
929715



482956
499436

343851
176876




70104
851091



924363

628997
284194
12221
223310
811120


526791
559028
575954
135719

974619
396147
744830

769632
400290
928572
572978
686230

86433

7909
862952
149839
108909
577135

212806


346105
183318
846348
709398

394524


891730
314033
178452
476818
541524
478401
468539
581228
546158

640632
878615
602397
987830

128585
620365
80152
897714
235762
112336

85570
399440
65780

223853
108092
22878
462818
172531
879146
83583

802539

185518


292718

908737
161873
733662
112877
681729
110064

504676
499447
221842
985326

684741

609914
535654
579698
848520
259585
875428
954941






973316

907461
799807
792944
32584
874985
632623
203915
241537
319733
522895
369654

463431
38975
759200
537268
852042
245292


737622
273258


270575
187845
14743
508815
428156


894583
580618

349556

937669
81657
711790
807355

183842
144623

682237



629891
280887

258766
123494
710455


799676
757267
149452

69221


503533
862666

980430
255695

283628
521882

559815
179361
403491
389541
141860
696981
211724
795248
645463
874422
525917
920843
512107


589252
117454

300878
485382
132433
858068
390464

129736
806117
225466
348444

657676
135624


409016

847687
279771
418702

530241
307287

603295
54081
329249
39421


783311
16850
525898
870903
919737

880689
895889
773069

243829


537975
323603
211453
505836
919828

993679
10147
479946
450329


764748
83703
999575
727250
665378
829857
496230
358581

65445
610021



226503




623999

464179
150484
173980
947258

92301
864825

593808
111236
650997
124148


478852

448041
457974
454545
173380
228073

458071
51781
331348


570109
225548

843321


730278

792159
524624
615075
938619
829964
541493

37788


194931
983542

353507
182638
175208
360403
90927
153003
463875
106089
174226
313353
863252


280085
411779
729449

527405
522766

297313
71643

841422

759810
163692
849345
800130
547150
461311


79971

698888
95030

808614

83063




166576

154889
607291


672534
314860

424059
518292

632951
725221
85744

393930



800148
273778
203029
743502

964354
683334
900819


532450




805880
358570
144605
922218

555322


982102
829163
470884
797191
366499
25915
473977
367799
776969
976482
317810
264205

302733


400585
818721


631786
823356
891938
607024
553676
484269
307624


592473
801435
410533
271985

273717


479959
854579

829245
193794
14737



388011
676893

417120

423921
170893
157200
591574
434098
484044

625507
228984
146471
131029

500422
295766

397362
59005
561029
287955
234021
200237


704657

160055
604621
870445


919736
737598
314045



343070

333642

79097
847711
420663
437931
432782
826761
426789
890497
193011
649997
793310
240295
528794
815050


549414
551588
575395
262242

61842
997974
68345
780994

747513
272525
958917
102834
786265
90187
170217
265482
628730
241623
419001


344016


293437
880763
8972
573052
639453

398105
438498

593728
333787

399504
679366
565024
681540
181574

770174

739246
170349
31559
587287
594419
686755
79373
942082
319918

458415

377404
117875

673550

983932
279054
376725
98276
829646

786436
292629
126484
390787
465046
895698
438801

916664
170336
133011

52140
633784
437384
807999
736015

483015


494255
294239

495332
900325
789300

838063
104416
604832
559199
191759

808239
113095
91216
867252
303924
881573
498812
923742
682043
607324
354119

69105
547859
762409

616418
17259
689926
370201
19651
829215
671846
986929
850405
868115
312709
615140



49610
359135
581900
71692
774681
162734
664649
693591
531191
206549
927119

168409

619384
159856
886443
910335

875675
414910


289568
641157



440092


440384
439455
255448
297309


997841
363179
428934


469472

463846
559812
493474


432144




234010
246545
952822
953065
374406
475150

778543
704049

71228
932718

840735
464103
913579
381805
452182
93203
724030
688837
932982
264542
918708
156752
22526

936360




443550
169330
537027

635327
486600


597476
487975
406410
996683
820775


778493

665246

107164


84801

791844
910223
46051
174154
198784
351919
531879



931195


99701
144890


304139
672942
193093
3300
660699
214951
557151
808141
205670
683074
317365


338403
727388
187115
312818



552287
699931

981549
367823
820732
405485
93544
117951
159068
294735
754834
971213



480117
339031

890974
833962

454179


853320

669265


275835

617483
388080

175754
79967
359636

670591
438298
319560
143284
684006
495430
259198
813662

999934
407627
256395
226271
85873

58388
507886
83913
800143
633615
893753
8729
958952
200638
714944
228519
808920
98099

16214

222501
443583
42170


266065
192848

171197
923957
72153
515518
262575
468894
413144
328276
97246
269390
350729
766929
849316


752456
86598

113906
697612
240402
78461
520187

50660
424462
600741

738
496443
901218
543590

276867
118966
40566
924472
31872
421565

199964
544137
151612

713737
749674


617839

445007

623698
939534

911483
573138
313268
575993
758713


147227
191923
92799
943940
641847
350204
658449
305648
443999
798833
704839
592882
952314


808726


314209
384605
133043
292619



775239
991302
81934

590750
516055
973610


964825


688616
411304
793932
441583
821833
404409
286988

764013
268232
161984


583691

818339
719728
801739

251512
683696

878798
898489
885661

951601


746522
803740

304947
828893
681283
133255
354357
59194
92040

711562
945240

376297
174556
520679


603721


796251
966476

777299

913448
838209
474699
882393

88309

327764
895610
741496
280220
860072

622966
481553

891061

984125

319009


268335


275671




612549
666156

28376
684713


517920
104983
242128



429528
145718
65081

667577

773604

665983

602835

615581



292800

178008
189794
513431
429954



946001
611039
972190
925746
664262

777894


275622
731767
574942

721533
609785


775712
647714

727647
17509
845829
786083
628073
275803
663875
710302
506466
520817
218729
173269
517520
529190
677621
988495

622334
937005
983379

549383
502536

38002
613150
303386
779103


730220


894191
297737
161772
293208
78131
913950
812272
845601
339374

1406
618589
615599



71172

523577
625372
50309
177620
296010
568298
256380


146773
855207

401306

685025
117332

572509
745406

732025
723400
916775
940575

431850
629759
776598


928565
761375

258718
137124
309653
750014
497353
928307
378067
496499

53402

214354

836601
292777
149082
184333
310873
43579
789598
387131
892741
903498

885462
982048
126344
416130
708868
8960
773955
668473

151570
717085

55958
947479

218423
264675
939032


865463
89078
254166
374026
825962



256862
877497
639929
393717
285776



62615
850847

72619

318392
34268
819444
570227
477280

656673
232904
926171

347665
868845
501248



873582
102834
222269
558268

991328
553320
321966
142146

359668

968142
13392
539849
456857
17227
48504
62889
557317


468499
118317
619904
892969
239482
719515

828257

257693
160405



312484
176240


608625
70375
298249
802523


957985
789336
448011

295578
371550
561662
383434


817018
722587
26808
223214


893434
313218
984754

280221
504279
721232
454167
258823
277447
741233
751284
35237
797611
980909
728317


691107
646369
794513
180234
202134
349996

564978

329029
929910
462603
5193
356323
61624

111397


321118
562194
634726
102070
833563

426458

646644
451341
129987
289179
203866
577995

497916
527553
966026
781899
273102
422206
514208
768600
216001

511234
216757

820472
761449
242377

495702
42704
556065

855277
328459

841343
695141
122581
46167


599953

214805


135330
503410

593339

876526
520356
198770
311163


687111
528378
164776

396697
884057
326318

78791

618526
907623
444105
552346

485068
522795
985626
970563
397145
306319
662239
106895


423650
16718
728043
186282


467361

356746

64059



761649
110616
487412
559349


417796
901251

978621

391596
778118


896860
865956
601002
903296
332539
11682
631628

926463
249422

433091
566432
419629
835901
839268
954919
744633
510786


118932

648234
712853

360676

460511
142702
468458

465706
19556
128302
158620
826023
615851
574231
475487

203393




889363

142924

527191
537614
653888
895267

36403
623859
610909
349320
900647
611509
447241

587585
854468
883142
231738

478964
461411

348000


945573

614159
135427

720261
558267
608238
690838

597398
676265
625311
559643
14879
54240


683022
111098
203134
323096
377788
880133

545301
786400
566658
203285
704021
512591
849634
979547
472048
59697
792544

871159
175717

319753
248610

637630
567291
822086
618188
779987
788271
272451
380114

472687
965665

114013
709343
788726

294047
793936
818608




131024
445235
22176
352578
19070
765975
508497
365345

575471
813561

913844
432602
586573

407774
439185
37743
786563

173792
764361
637263
29651
870657
990262
638240

765020
848705
130245
605896
433985
79051
692011
321847
280292
266244
307138
429307
72613
250791
633147
976694
946518

769450


256899

256414

945513
500139
114961

931326
761611
966609

340990
838275

672945
865312
728047
664197
181037
942343

67845
329655
460319
141415
533418
878632


221202
306374
632695
130996
59855
181040


677043
116651

450850
381329
316620
303238

367874

316731
203097



229312
454952
899314
374582
468237


858250

771747

282802
647992
112974
865900


994856
483912

853999


51715

760083

530870
867235



491126


775692
777733
660776


835337
16523
934866
406471
995219
579093

449129

604518


788758
853666
545375
412074
535810
614602

986025

606015
677741
751950
434489
692856
707191
51833

846776
312988
163914
607804
61279
734657
242574
699548

910949
677598
261341
319590

498677
676873
45794
837687
393720
200999

821613


357282
391814
298248
175546
930917

173044
985502
842026
481065


83442
803519
216458
798170

768398


86407
93504
461643
179770


697374
230031

10770

191851


809202
96976
910898

738412
97366

72109
714853
970351
976119

966162
874956
747459
375255


835026
217910
711725
842764


242000
224537

212703
819615
494075
563311
375288


858397
976858
732473
140115
935580
87583


987001
29824

353569
319673
599487



727824

543743

129903
614034
466434
314501
187713
579257

766244


215491


235665
467547
148076


610538


823764

852729
579822



858562
642867


155224
368373
112655

862625
428375
178076
388743
116177
35207
422590
764551



125081
906208
87137
244177
131456

949080

799878

439766
377783

535638

947624

299195
999193
616263
307172
355457
458664

194139
630040
739081
673831
710906
408473
768047
684333
503827

68899
102852
258851
385985
641149
3915

882178
198228
794354
292287
502051
313357
930990
769050
809214

958385
514124

599135
511569
914967
217418
94720
992568


19939
989283
782126

159846

269732
860018
477441
515202
259995

926329

18762
653548
482860
296901
304027


43726

231603

220636
908201
742021


6551
397733








53938

365449
258130
454651
405126
677458

180539
167315
726779



927058
792515
214402

722419
414525
91047

357126

319508
739426
934749
911566
261643
124464


764163
623278

652836
829152
745360
534255
447615
186330
527709
985576
403769

646331
56382
27847
204892
175453
881021
685516
955455

443318
394598

776763
488559
393332

661104

755702
814017
56598
428655

773335

746265
630313

319980
652762
909192
737752
45632


170575
140212
885165


418572

612467
688609

27265
25276
918593
698777
271934


852011
496794
466577
292282



107550
666854


900450


320290
445428
971369
597323
669454
543421
74413

781958
57705
913971
678249

738149
559566
334120
411954
444592
752502

111548


821814


712871
181891
532833
421070
36393
888891
443420

428330
151956


480270
674018
926800
186927
667609

515482

71162
407953
934133

283444
978609
442970
864708
473003
646882
41271

578981

34106
955097

638911
197716

524260

122681
88644


957166
750993
597511


477449
947608
581313
17624
319189
547361
701485
266553

814263
588351
947432
936566



599873
989420
182266
298752
296911
82501
391365
936724
126880
234052
823605

982034
785820

729448
516690
711881

441185
156286



922460
629180
968074
386954


690465
521867

55435

492963
27163
547379
386644
13331
544402
979318
719810
794825
633604
447466
903465
891035
557522

164871

948542
312435
714430


576881
614244
237424
144485



819025

98247




531475
552787
706765

448174
902900

524561
676120
64258
639673
961130

356321
129193

648728
135880
488894
497746

559827
250063
615712
588442
181538

653044
419166
618595

871882
121481
41443
683899

896068
382191
723289



88868

477079

704814

231836
450632

661598

680650

380455
38620
870260



130269
561032
671149
290534
495412

154719
979855
596450
221521

420162

112244

192726

247141
119236

420057

821143
765177
189625
266401
509498
550885

205646
557530
121238
146381
565431
298330
962083
9482
826856
840574

891908
235758
620626
204142

306040

157876
817265

66781


395224
163876
707521
857639

774734
251313
120745
416987
985496

494989



445623

892567

106474
95631


776773
348005


942388
772436


235441

805745

706665

49683

859531




977355
841847
702636

732573

917068
158918
597767
136582





593936

148319


938202
308081
370847
227166
445585
713162
165343
432212



496259
910866
205187

989869


565242

803365

944291
691404
126769

580135
789430
25568
821573


290431
789054
597639
729100
281439

408925
120842

870153
168800
535724
314280
872519
32741
11700
700057


695051

660526
107116
802930
736652
505524


464644

837406
931343
157412


65779
773359
409115

580556

805052

263509

325869




39016
877159
892293

631260

878128

650039

281180

494398

650047
661983
159552
675346



668603

576424
13470
82089
703673
599387
129064
958719
708703
176000

356300
845128


271402

36096
434427
288742
967405
606317
721843
640296
763666

560496
393974
450149
799471
421332
248076
808989

365946


661077




276234
507772

925151
610764
652233
557980


537244
205880
992899
881683
4352
634100
209368
206785
591662
425736

189163
936571
984075
597460
452496
143532

435646
641176
441532
795292

246831


827305
399874

618137

480067
415684


350707

20315
223907


185605
714207
823580
454596
360623
609250
242429
787861

500465
700326
503172
656509

334872
647315

812647
770052
619538
607557
937290
499211
551619

259742
316734


809629
128212

15857
224372
803489

921327

505468

768423
258748

19436
923656

281016
824251



399635

861166
512244

637852


322262
567891


328745

561175
161349

984297

968677
262912
455469


457894

989494
852184
617046
833107
509858

845914
459700
50825
816200
341662

724686
474197
870265
819518
876376
190589

437275
660656

96762

567163
691189
106086
485097
425982
922880
949824
327812

747589
623363


377254


966729
23594

688257
375862
743688


195223


525897
41407
405095


343506
914149

307196
217562
677047



886023
566902
846441
170039
963933
301063
939542
498135
978102
152337
116480
790482
889818
684889

519668
887734

151240

495979
791408
142167
179115
925468
184536
125339
525967
708328
712903
132761


367141
216237
74687
802065
666293

373381
598514
910135
76898
735736
460794
31692
167323
499669
429654

64526



738744
832773



423072
670550

507315
663327
558959


893162

705817
169420
505312
260330
374774
357300
22793
400969

79940
888154
877636

561321
17408

992384
794850

243607




247849
236086
966797
720862


533536
321780
206661

113099
971176
540250
354504
90628
405813

329668
580464
899528

291315


110728
94965
553305

859814

57513

621535
250828
811973

263686

915694
896495

626919

676987
304896
658558

188057
299295
300416


362362
832187
603358
772815

476264
933242
166972
209818
570058
666677
764201
222292
800278
944397
51188


239417
358275
354644

762245

709221
705132
14242

172953

470606
551678

968197
948002
356782
157577
280609


561379
576950


607395
619056
788639

384937

729649
837045

690162
379045

940405
51677
586000

762233
516956
27861
456309

262067
895786
813223
636934

549696
421880
464532
831987
866271
489700

702371
388747

793823
888685
409477
306434
63697


748725

344715
922640
299018
162529
325554
349403
403126
836656
83277
613846
662580
842171

730121


40726


770594


608518
303213

737336

428687
479815


99670
174454
604662
458238


235515
998310

327950
466956
403592
454600
485598
109499
785966
249258
486888
846467
914554
53095

63565
541083
166459
987805



310063
940340
645114
603075
640566
434124
140788
5660
661883


700458
726510
752885
791291
65595
813012

750149
376354
136024
78065

740956
783632

812401
309654
678318
512052
452042

925711
164791
694205
549620
746761
195152
313178
30282
905779



888274
425785
208612
795804


830195
786116
933598
90088
367098


200256



284081

495946
973326
542080


456948
951683


418962
472404
291896
351213
148401
581417
561158
597426

575703
655082

263723
745312

572494
757647
939861
328471
376369
658855
716087
230172
932762
715930
743973
826210
339984
66480
694065




13878

652218
931484
511949
105677
537737

206947

689961




997715
551736
520528

723744


172372
168111
99542

729405

244941


333426
767626
726461
352291
51379

105975
21161
948842
753298
657246
773320




465858

785645
579398
196053
156901

2761
372137



244081
549311
708784
973762
454184
868414
249970
965248
947904

110011
120232
138584

635310

124283
875617
608477


972980
118672

233231

588720
905584
908886
159649


631867

454195
297500
155628
155383


953860
207857
577710
138301

23544
310308


421356
111202

582471
676089
194495
488025
282360
799486
34028
374021

980445
402692
848402

984254
436074
462226

260321
717950
900045
42101
419111
608680
15588
123201

917361


941856
501130
348569
780141
736014
474289


922774
379227
233455


844381

374543



97977
181786
337988
222042

497340
745985
666321
646781
259680
653239
676634
116958

845929
632600
444255

509924
560356
347145
364878

272534

283059



602660

58601

448515
58127



684884
703595
924254
134209
114541
657957

395612
152162
681444
847933
156906
647911

775596

841465
451959
325992
211911

512036
207025

403646
496705
491618
791118
835997
150891
962303


263762
285608
620112
305951
1425
956978
986045
661787
437758
347237
818408


729884

233693

188865
232507
291364
456623
965206
700573

900124
871787

189898


934270
175511

471548
868469
404450
381393
412521

538673
889868



931767

705458
815387

723735
722160
855712
992805
703292
966089
794070

696112
653216
255422
816484

750346
754262
55146
681162
632323

640503

409731

85599

51569
129194

789116
338218
562991

353944

287620
59667
448393
760530
521950
812373
494974
878175
671129

761639
512119
881764
196966
539689
205048
718107
332827

629024
196816
20178
928892
719993
187632
245509

578082

668480
473501
950093

809652
701358
234742
187094

738289
869948


437608

140711
891156

958125

650973
250002

572122
317387
415353
810603
273621
863539

741816
425818
887773
211950

704050

745391




220856
172194
712231


741775
16059
583140
57763

646189
502879
879597
485973
691457
655945
741987
204460
578895

138436


705689
778761
561715
243061
600569


509919
385905
578867
635103
675366
104059
691988
416048
111460

314080
938907
253291
772541


906518
466699
605949


136627
924469
256176

780441
195195
77842

171980
890956

885834
755027
241093
901926
849005

761628
200180
934267


981914
507498
846462
816439
595431
231182
259668
26742
52774

321325
125656
111575
376655
264208
976436
30554
112098

808347
3127
279698
129592
512722
833746
842155


158481
338957

936576
50284

499296
372063
936124
869395
238230

399967

672533

955242

877156
884871

528085
787769

213331
62281
631315
767757



115208


120734
835959

317241
38529
430387
278316

848906
80522
555203

730889
122445




111111

740130
438911

643620

642507
499472
230149

435749
818281
359317
694900
891098
880008
50762
300162
663851
470859
48742
462852

473397

805040
570843
643339

82132
282272
178468
207160
964497

550792
642041
290054
83471
304084
952707




42279

963410
915038


299470
433118
183997


374839
384448

650993
725544



431306
437880

320837
440735
863930
479988
744892
281080

753544
703260
696201


77886


126591
604943
24099
978348

866003

240876
976390
920492

873614
876429
66277

927265
717547
619320

761505
991528
891666
596328
41166
302192


221557
340747


806011
796897


19693

879727
179245
519711
178911
308925
472366
362179
610746
761238
147135
244975
490721
256987
456966
515428


798393

27051


158266


594892
404733
814793
402462

835855
68603
525771
836108
612746
873338
669410
195894
319140
961919
203144
242713
572642
298489

991520
76367
426049
22436

961581




381189
901049


215776
853386

176387


872557
32685
285431
713833
126877
944434
867189

171882
537035


793827
992866
531813

456333
387908
32306

409338

538301
36849


155202
589216
946250
402336

875198

327675

824033
255284
563854
178876

237877



976040
607464
855845

341020
765476
230439
221157


178892
236991
957770
867488
800081
506755
81454
677053

270952
748283
797463

190364
732939

800734
323756
4731
815615
51156
814226
619881

347666
975928
304144
469739
911760

561162
968983
424441
753263
590468
797548
195726
279523
922911

117008

702942
687425
774620
260489
68568

707465
311241
664435
348694
324431

731853

780814
397688
507799
854492
583341
850962
341102
436965

810489
291824
334917
730840
615811
215362

588782
994876
465207

57127
312221

152786
920520
484752

412370




299752
125551

759912


975216
216063
91996
963312
223576
447982
59810
820820

255707
191680


869687
374017
909465
780014
86510
136407


849241



704125
641088
651393
905017
954755
7683

709254
18557
191505
574223


436652

151150

84017
165517
717337

150878
299147
47487
687183
372062
770238
564890
14523

92279
676998
162418
667387
814344

106703
90729

528757


60570
25709
530827
482074
252085
269476

77240

183714
737031
312313
344959
304947
692163
586577
893249
582528
724162
577870
888695
934838
333654


741952
643633
444536
469986
816566

765972
365046

75330
131558
839056

241156


995089
981350
770003
855966

153402

293240
687803
530912
492045

448910

551591

233806

549016
497911
807501

862712
856207
624473
325919
85139
91952
338574
123561
277909

549538

456922

427361
484694
362150

484851
847680

581520
974174
788985
48970
265360

831030
551265

697636
15082
740264
889487
724367
118324
764217
246231
314111
345393
389358
381022
281946

965753
448684
50762
591912
95237
460114
531897
404673

863427
737715
493624
141265


219389


717232

748891
72477
370635

753825

412723
87743
612624

680340
580151
325224
635801

609944
793041
895449
319184
988872
259741
260379
569788
219994

389589
422140


739666
536677

131796

168553
793041

193388
656317
939175
447208
859943


315204
207912
140633
648054
816097

149028
490677


528786
895681
355005
206001


981052
862098




350481

809559
331089
55955

597291


824975
157157

881938
456263
418321
767766
71321

732772
149453
967356
54169
153685
37711


892750




721300
838067
240569

213770

215055

218334
254995
760397

91845
209180
64850

622586


192054
42103
310133


892976
883876





766223
923288
782992

376143

185340

989561


820870
127983

640664

658956
767120
121020
996983
315881
147250
728608
13359
621680
375117
523476

773315
812276
534134


433338
674781
342913
32607


177373
994405
423323



780102

884528

517102


44902
503038
428655
61758

470704

275920

196895
513561

352527
337770


234188
366149
540723




822480

746895


831576
197504
88993

737544

222840

226267

555075

236009
211289

26464
541645
309311

199170
32080


209291

515979


240438

955361
853284
186410


343550




206134

863559
479684


909276
450568
214459

459582
987003
171693
445260


737392
293803
95164
986809

606624

677105
601869
814030

891793
511359
449404
419257
659357
18347

457245


966788
750052
816519
163589

80913



256437
819871
429674

92701
150052
895991

732740
402641
974122
988132

784484
438683
710877

725886

232346
19750
609353

747031
27717
311077
843274
240566
859937
97384
727868
556164
317877
13393
943468
235794
502097
110708
268771
403636

674548

293918
416572
688379
509654
981512

880106

526844
859852
582401
322201

313272
889372
736142
227037

751679


791850
239771
588219
279675
645856

363540
553764
632254
23089
631774
866280


54382
571923
677302
712102

535079
535722
652079

169815
762613
497214
933542
684869
688136
324280
608039
227834
898448
964363
763524


902242
819469


228655
573600
87432
728953
238967
864567


167266
777011
789734
633550
591413
344012

933564
24949


717167


182272


759767
881921
861687
547038


405464


752978
388672

176255

384022
848843
375138
204578
95750


76729


343031


43618
126782
838156
749466

721623
584019

639694

937013


413073
308494



416934
589693
563492
902408

375960


335986
717148
89371



167789
307761

244281


224712

962401
509234
7105

617982
96251


154825
502043
634146
665217

243418
728677
802172
494500
906835
952714
444987
293793
728682
900525
97498



473628

884316


967535
786141
664506
159020
850362

157545
763258
801476
957509

643571


579600
191934

900497
135155


623454
682529
595515
774753
144034
816096
519248

763315

526047

240589

844421
845913



146154
278791
475470
417585
339636

577384


626799
750172
471469
594498
25615

454343
909274
595061
179836
817818
497553



355299
194104
425389
167713
254691
706813

120269
796352

119646

820431
817562

617736
482632
458643
855820

597594



527987
314339
824581

834576
667468


91434

74702

964885
496138
282320


882094
233864


933959

73006

589274
611433

710901


592939


457602
252307


58363
983248
615140

35262
978525
776857
823052
611029
887219

982938
603675
561162
549126

356567
893663

514956

912113

955890
43244
41920
362690


835865
757439
377003
704138
90932
786863

709305


436857
85367
314971


155630

967294
862441
927621
609726
72532
344569
119227
733752
715505

898149

37497
600443
78581
881829



481414
206700
150917

13995
602955

163166

191983
44950

5079
796727

280333
827767
119446


937297

4239
520902
808552
905913
109633
735752
653957
611971
554076
51499

331572
721678

95174
702873

550387
653967
43053

951558
904243

941058



188694
649375

865360
757481
558036

337525

182601
324625
47957

932519





831007
602882
316701

303706
654042
945698
979103



716008
822355
43661

625755
249308
608817
220524
772251
150646
237776
113832
646148
288411


520484


980670
579224
441251
137407
930656
730052

812745
628921
425976
933697
301139
324379
368406
922169
504536
391329

855186
877172
865792
365915
28812

605487
981098
922410
312304

582769
918838
361243
817673


922372
677014
287771
642293
385157
747086

761677

569555
988223
419062

331482
219788
539183
686194

759582

285470


88317
906817
746974
531814
476330
128594
299486
406225
832388
963831
327675
278741

211231

283401
65473
474262
614680
429175
390681
486588
326851
73246
331536
645793

720780
641540

432370
920781
902552

24474
385032
127434



328394

768221
561065


194994
794279
862890
96363
854182
458101
765636
242939
975422
532383
190953
767138
208088


509600
584939

599138
497978


697068
967813
387182
917870


96593
226605
830639
429161

16273
20197



15964
303687
121190


670229

156251
508321

491021
788543
896444

452862

857381
469172
553994
603615
741989
985338

429376
359318


217347

16791
396616
914654

519316
68285
208108
13423



752066
354524
262449
817712
972780

404110
343002

716007


296627
798150

235684
776732
925020
803771


782058

157623
149712
618498

276134
655248

678728
190316




455863
655636

137240
313180
206001
439323

960289
408064
159957
927632
263381
518583
953992
507459
72664
263490
328316
785862
542793
367898

796502
567921
575216
243374
262343
331799
11554

965914



885158
867000
127599
634889
35735
773088
959630
749008
960522
540629
907706
761867
223980
967618

774312

998515
751601
124732

371219
594646
571776
398973
664473
411562
632395

180788

373259
634855

498040

212840
282709
942227


2851
916960
866556

878233
302416
281716
65598

921131
886093
65903
955249

720733

142380

425386

277954
624464
642169

283518
215711

911287
250527


66430

619789
772354
137553
885797
217623

604618
407221
290768

156861
509195

850963
184619
130974
331503
697894
287113

853957

45389
991100
967397

396506
978528
338160
279975
713416
112252
765782
256240
443006
520220
929153
21566
368653
476108
613711
684103
856187
456633
499772
209839
616932
41330
386734
225742
457150
339630
761627
705463
264298
216383
927750
151820


175471


720673
80571




269888
436225
579759
572741
206884
381790

183479
17196

863695
494975
49038
594381

315228


653868
373212
891389
317880
394900
747265
933780


903520

930100
945374

25865

337641
720395



542384



924052

567715
608654

338968
86215

295927
405026
648289

892568
987849

85826

692867
900616

954225

491468
261986
899030
473209
605278
146964
109071



804778
217355
207058


907398
436154

499573
340719
158766

165672
266833
370349

706447
833824
53034
708047

444356
870166

733919
880928
716470
418265
187946

281464

208862
906712
862431
784974
717362
544526
231651

456458
901605



727138
387609
819440
251708

242675
483331

670072

930321




668288

179755
876087
487355
382644
972188
330609
506407

752228

348021



710592
206936
582545
874454
242357
29831
865350
67143
79557
498605


837096
386033
34614

542171
908574
392106
46920
178725
843335
546444
740721
221138
435120
364032

59941
844565

840833

821423
942901
286753

905225
572036
205882
363224
124115
910285

330445



693209
306453

635687
176995
508490

447403
522182
346347

820098
675271
848495

394407
613966
99240
379777
645843
975475

357990

219472

525625
178916
903264
991820

242184
987195

50719

31331
498261


59117
720454
180635
69735
809246
36058
893449
670373
197204
173888

835791
332910
505197
20865
515818

368705

844113
137737


466409
469000
828310
83351
189056
42478
271931
522920
615819
820399
694725
486839
651169
920766





904949
508846
325791

956975
12021
841164

643640

509355
734807
479535

745458


839884

879423
966579
722377

831025

963900
616657
635953
745413
841961
81563

461411
964632

675601
816694
172233
207345
534425
542500
733579

609446

295436

123689
333201
830828
413903
29666

686411
403239
114862
484214


924218
513432
858566
782576



187753
985369
450770

606649

462982
991093


615097
904248
498378


230012

889333
425849

111846


752253
469107
841953
447793
357092
483941

230111
924694


492947


150791
249550
417465
394876

460007
38472

269976
660807
804538

659247
109713

315101
262442
96572
757452
242689

479436
677054

902253

240988
540502
565353

505651
229216

339023
202830
519589
682914
118951
188092
152140
296395
402743

380840
977529
758156
352614
571039
232707
884119
933749
666958
954158
628267
76086
174163
74676
338017
256867
620251
280039
968343
751838
363017
158354
175777
598545
839294
977523
537406
989369

901004

941014
134091


925425
958704
501829
453487
215435
456918
63517
826595

918592
180912


401738
396690
604880
405293
67616



849478
37629
623850
868962
372325
196039

425235

204658
820736
798023
587699
673812
277430
962226
627923

157511
781974
74183

263352
50178
847946
740212
132564
343587
127794
236702
478901
48035
78429

97796
311875
726370
775855
44167

617470

377658
416821

828405
923602
349462
908588




192899

550854
299356


493872
920
36607

72684
731319
722122

397124

95758

878118
561538
413420

219630

721
12997

924926
422848

338252
413856
386682

937095
394067
648215

582303
991097
472674
99966
987959
407102
813928
392081
574885

509129
169821
342259


376303

41069
965851
445586

632708
199234
932349

58260
682097

505927


567073
334240
844253
608433
44810

985147
643111
151062
12365
987069
832241
627069
598453

816288
173965
994591
817477


910996
584219
564140
38151
368042
779403
282338
940212
22237
22343
881967
993269
664054
709998
318471
578888
995606


741535
186038

874406

127694

384022
431241
744460
617017
94849
444267

699430


904144
919862
79507
179362
191907

479387
712553
368534


85658
35716


211697

753059


450909
547740
217535
595065
99164
904638

163511

849116
30641
583080
941516
850430
710881
382148
278686

651377
735610
135146





454333
711646

441812

367115
75093
664964
28849
535864

727031
610454

602706
346629

490089
319248

667667
675841
381622
576281

883798

333335
787673

286865
750061
889101
776117




146963
947734

548258
810201
449548

527190
514210
372096
247141
825381
303795
520111

767220
459781

890689

249865
500132
649425

136652
81236
146339
258154

204267
771929

64427
617825
403862
635934
31494
841535
638024
418980
369144
459693
427102
942958
969636
950926



22133
80936
231179
818756
245334
34159

111496
523341


17513

301680

101465
362396

138494
57069
691902
507104
619573
95396
950949


811949


468483
490263
810923
944320
360422

175930
33376
680602
891041
80549

689079

33215
6545

998021
291028

419680

590010
924768
132613



287186


845756


422741
787422


217857
644897


471255
646754
27133
640501
518017
819468
682287
448025
320259
595704
608598
252929
477080
862737
618783



679168
621987

726885
984493
674584
861741



593901
498167
250244

574566


474547
966222
263507
790075

229589

979115

742019
492433
175886

338171
388580

94955

407955
344646
877780

739082

672262
245030
675390
180894

531559
227487

381722
841641
284374
921241
471095
204535

969215



32779
956710





265338

591
239844
637808

643521
747428
173455

387054

789360
697874

300975

643338

539235


750613
844763
68927
607201



54814

371174
941796


671726
981059
694293

169709

516498
205065
795313
737260
292176
502068
490699

777308
207947
80730
585498
793434
5075

169250
372576
665688
490401

447184


196245
969452
372104


874255


9638
81574
955978
25722
552734

3108
679401

518204
494411
75303
531773
887333
215951
33868
528788
491603

660000
948825
777718
227848

958090


654355
255815
195030
29431
414169
795547
69963
390827

15923


369526
185763

448826
803466

161342


720158
378311
326465
153142



583288
135093
284427




212388
308594
891159
247851
537986
826904
233591
751886
648224
441616
728254
602488
619493
267708
896035


166250
151771
275282
872136



586924

760818


571580
370050

103271

837410
997533
76343
78584
378349
65337

489793

327712
127194
755252
950258

98478



45338
276957
204367
935497
636202
364121
762175
461894
540856
612744

64612


751118


910172
364106
580901
965846

648226

140702
493741
87104
951249


782802
262140
166422
643065
730119
579550


662355
369413
425869
614630
263467


439361
998453
671191



200390
775510
628247
299633
84887


446584

487142

542122
988206
941970
547932
689070

705946
918054
529
721219



122829
787409
852032
856914
328642
199035
913271
860430

383795
956525
106091
668869
103509

999061
21688
258729
999604
241112

165784


320420

133912
42941
199506
343557


777058

266953
322045
496888

334140

57846
927668

30080

178122
431047

150804

787796

50598
698939
787915

387829
875458

739315
747086
805651
985472

490927
183604
427411
351576
333291
772222
456250
342435
629157
633973

33843
28291
669303

576745
488798
391211

625936

273127
917669
826686
163058

317003
89274
550903




879639
954244
231457
910563

890798
667386
615286
891701

306436

482052
704997
282689
175118
865588
716510
435786

879258
412091
535014

870056
811946

639381

712111
757356
384006
387488
486059

996322
422067
584134
250562
70913


80611
216150

441623
888227
923918
596124
174198
