823684
978245

172951
243307

224142

522476

303950
296819
99658

829773
123552

952272
168667


508602
389314
386546


116739

305536

714155
953192


276069
561912
964072
817846



424351
264338

552492
391420

321321
708464
14644
611272
810500
614366
351874


913679
731902
19076
412674
293366

995026
573268
595050


835097
272808
584250

392669

903854
503647
924216
45986
622526
166676

458428
524212
635236
934368
759214
823333
18877
421697
534181

238545
880177
937412
434087
936326
92595

756786

998883
477404
760612
835066
816031
250632
765968

967417
382158
27895
37924
839758



580750
982829
397597
678332
189758

763111
333954
88772

507312
436450
425097

225225
880261
533220

889625
503737
599663
132643


997789
341303
556717

74371


758181
792923
561413
217546
23635
586099
351057


179655
531408
963873
988202

254197
640513
134456

174247
702263
640284
345718
562821
486228
995686
577852

59842
588959
418226
341590


329399
125249


401297
933418
418525

261945
517691
146046
701346
383910
494800
250864
340366
980007

453819
801709
867805
595965
890652
813136

210249
800123
273451
140366

930486
630203
655836
538514

361960
792411

755822
911518
423193
45668
402237
904558
831157
368138

507227
264380
846326
932767
655627
354326

570239
592754



884981


111824
164319


727981
29142

179002
823769



916461

718539
835789
595335

776228


644021

424107
481687

150325
283338
970108

530637
733516

584720
593222
635666

825389
64537
264901
182796
615590
185079

548965
149241


53769
19184
743307
566438
657059
420622

467685
832739
261965
247891
716491
243248
368323
828129
944900
811275
6301
521170
135484
536835
198506
149687
617883



409455
157542

486849
890645



456897
670111

103823
967128
14610
484890
845086
432461
477684
670297
717276
589493
652365

124362
381600



775769
694761
63199
269065
294467

56285

695696
963409
505067
269989
861534
90932

973931
106692
76305
52799
232781

200892
931428
686296

387577

424960


802835

767466

921131

585938
973653
432602
886777
863686

896047
116371
537748
932009
204779
304634
384560
342417
746302
282201

341548

745714


177531
342999
165341
614772
836991
193576
166933


814187

458328
260603

943449

702748

415931
494789
839890



172673
823496
874457
799096
558980

287733

34631
520512



95921

259731
986218
62786

961919
719938
980388
371527

661825

478683
757734
515100
93638
865600
293895
957150

903555
511118
65638
716087

805520
653956
303668
247338
275705


970520
590185
652808

615228

165088
187900
915772
570349
47476
522686

242754
594950
461001
453183
138638
545262
799044
382155
381798

699858
579695
267577
364381
68141
945481
812983

631639
261899
285311
41193

874155
73823

343673
682613
287662


18506

57243
214114

17746
197844
489026
813555

890290

577346


65642
680660
555962

736647

5660
408861
909282
887600

572022
347970
922986
9922

528560
365025
118057
521746

425636
28981
45682
420739
584185
108680

83554
230256


435989

122220
610116
263286
411815


519474
81143

124601
970512
304439
704681
133577
962501
293842

781749
473337
980726

23353

462356

830574


410985

848935
193443
26903
156118


810159
203843
467677
797683
434161
4501
829663
991615

635336

988793
267216
175470
428318
76294
977147

969969

994060


314324
709642
551149
590557
75641
593948

415448
105758
789257




836930
344218
723020
805673
840986
678421

334313
593699
888294
125130
910902

727661
343789
346378
293017


764984
165170
176674
158909
285263
421430
820794
245344
688873
458996

732044

755869
796736
33114

56246
441749
702929
601666
695515
77794

264401

336619

477030
30245
334356
657770
673425


824509


743736



553083
493673

243643
42729

882790

817852
719507
233175
746095
175690
220385
499226
700233
592713
971779
929226
86792



830099
7951
717771
978808
739363
796504
26669
122251
73722
462591
580107


149302
516718
997398

480830
666877
574698
446540

722594

552647

986303
996442


389022
561913



588564

236862

968978



201102
204536
981439


218085

637466
551583
136530
278144
899547
812762
750357
722528

731515

845269
641732
618745
387672
178163
774868

707305
850703

890097


680619

280182
449146
244194

901540
912785
513190
171448

393060
635478
639148

834552
208883
819628

405296


109822
228755
763009

590866


921653
939001
372117



115089
771389

470277

975781
555074
409823
951115
246164
834935
603397
384217
289926
702919


728782

498499
629708
908475
138461
169616

143484
119881
741431
737053

972921
76973






584274

481826
642325
351848

157265

397907

764988
801150
122283
540069
750646
812009

689590

44635

571146

895750

905162
183753

888928
99781


907628
322896
194642
196949
762104

522652
958004
455079
138600
787961
448812
94265
702381
320034

265576

505536
420689
989891

485738



995626
619305
12878
926536


544642
878583
83248



928503
855341

167887
922850
688748
465359

545292


273095
990970
936987
462761

24132
165696
459580
137195
281424
205365




148853


876317
719418
770136

642484

425195
725303
408991
44578
431070
653680
581932



927094
639328
244793
317915
36803

276086
485147

718465

461672
624383

824961
712333
547083

638291
611164
226635
971260
547816


79847
992629

314035
538481

885303
530967



339095
791022

723629
768271
742727
956387
378390
734104
285805
642914

109141


797228
35250
578638
818497



26381
660285
153704
976000


388426
73038
798440
224480
397684
898891
161694

579238
468309

678464
769901
166922
31152
48848

440277

596469
922658
479426

345741
958424
675932
991762

587534

16090

748913


794882

470036
750138

787590
462886
502453
714442
829252
158571
609841
869965


489798

6342
372138
252711

276126
319307
489810
2000
889800

925979
325822
816783
974485
754130
591943
991738
535747
162212

139516
759346
129392

795281
921897
859412
544403
307271
98410
847100
323183
736108
942596





856560
732945

498987
676738
414857


49967
943970
170991
365239

882618
709445
481117
583106
345217

676551
894733
757386

934848
831745
913516
643084

471259
390317

161459

395887
952825
221137
253253
648691
118994
454392
87005
287439
769553
449631
433721
241557

569724

822183
369018
634453

119465
807659
700938

431191
312131



422503
798351
197987
858177
661204
111986
767495
329014
672298

50158
647639
123802
84482


932746
415901

953264


407473
702920


608733
863978
981180
307210

662986

329302
985856

954596
288219

409781
359860

131015
958910
102131
143232
80651
59175

100942
87891

843796
519344
512279
230539
482710
83095
2507
731189
837253
284992

495119

483778
921147
720738

371003

990422
414528


346404
379370
861393



374613
574169
841316

283419
44094

113032
955605
717354

606033

492553

999307
740156


992320
45541
512941
531351
101181
450226
78106
760043
823307
888966

681505
662336

407525
314062
769306
731945
876341
544708
595971
100829


659105
299251
3843
635145

911781
277077

301267

711504
928219
988005
238606

485090



366503

284382
483972
904461

687856
433983
595666

555832
300334
740707
58198
709465
69232


755574
757937
680294
378432
851418
398857
685123
931463
873542
884173
898035
673077
155463
189090

921486
82746
299386
580607
843990
766769
611502
469374
516988
540422


165535


25566
70669

4149
901520
574928
453982

567528
42994

574583
204022
377109
948471

535260
784905
829992
211594
948493

995428

884173
837317
778075
544404
130192
703418
134999

232235

536659

379542

557757
439551

13644
412274
349521

67618

574064
119698
842723
686418
170928
582278
25496
243438
189156
691238
560981
862407

74285
789402
671063

172919
384606

883170

212519

205574
112524

510791
664211
410809



290456
69012
68343


622928
899373
69910
426365
372580
855241
598993

467932
263798
349320



748372
370462
925054


560551
841773
364048
285467
275804
760853
360035
45253
190268
998227
478577
290246
362663
193913
571936
699351
113865
232634


324412
756016

464208

291571
438807







868252
684999
871696
912370

735356
180691

125052
346894
362355
620144
692047

502555


387474
736535
393077
587507

950381

533289
66279
495095
808042



620191
589950


263138
614357
10842
708206
210501
485843
454684
817103
795035
600320
222814


64641
839495

354998



615058
115107
581115
221356
334502
42933


412786




109935
540626
508702
167919


855128
548525
733486

745857

998294
960633

83800
295009
899451

100003
728617
969867


670700
796

471275


831106





52591
554937
124187
588259
368825

999751
897580
872236
563388

129137

540728
776735
494264
147080

432451


316867
748961
247616
48292


534336
348204



169710



213841
596079
552594
5321
804052

459259

175876
614373
696134
46693
507631
202329
704684
77893
130358
528325

485699
321772


272118
415688
322196
974402



711736

359325


557428
754473
543012
835425
880865

517310
481065
746107

906094


196440
183151
850141
172638

489293
811937

802843
618937
929732

366258
924169
415111
588268
512213
735520

251483

984890
55116

858435
126735
675909
911501
286360
217686

640579
513021
362820

308024
368326
451010

82468
756624
325216
41600


654282
27882
794386
834727

556014

100513
568344

632860
677601

368660
238314
68091

583170
480711

335288
448745
364970

982293

620239
338410
549554
557180

577280
917051





934481
137862
423572
445466
936786
364004
25804
767351
324540
144373
435857
307152
29168
873889
940464
515387
450189

676125
146445
431259
275006
294064

857417
726518
883235

303534
716066

267339
679500
12766

431728
957512
274515
35226
583972


146616
128545
738270
362784


133171

605309
425605

996099

894461

288550

589216
896984
203607

410155


895859
595151
701225
717833

943674
93193
290151

493637
553180
126062


51598
29324

483866
906075

328218
192119

620979


446315



353411
297920
942065
623000
537165
633074
67280
899376
832759

716243
13999
241217
918529
326396
732707
431000

272646
627207

779291
455937
982238

562231

739697

496845
767932

65662
171239
753581
303446
937164

982829
966947
353632

346363
978615

779355


511811

600205

365562
42287
795954
780618
896461
717853

432972
885335
963810
856521
995064

316104
834204
141982
624484
154590

350467
922471
283175
167263

398167
977908
371812
28578
87933
834414
415921


422629

704791
194655
532289

589106
861779
35463
173223

106318
788029






75333
308476


963244

875517

677224
679421
891421



720188
150477



826903

893477
836287


474931
6272
386362
123669
472441
663639
935806


803320
623350
154491
334911
402842
168915


673490


295691

117179
649834
609202


792334


159872
823508
891239
621887
779513
587562
288144

957563


507514
682422

373422
104577




271355

482805
341761
285728
143144
156367


242302

948841
781572
792850
158605
773545
833684
151549
647552
841791
96888

426253
716766
76520
164366
405235
880960
233556

173701


144641
698961

26083
682345
788839
639001
80786
621271
262849

441742
726485
401092
234394
783918
530690

351667

796317



141256
398473

230959
109154

925464
222810
962998
346439
465104



732840

729282
642208
101819
854353
621269

661099

75184
721528
779322

203718
700126
666658

284093
665927
679451

475436
909951
448960


363263
355224
11334
509691
900150

717202
723259





599800
847137
272916
170623
44622
90776
152839
331169

314295
948822
31177
227942
171457
588918

673466
739154
840494
941419

947024
115379
69618
278654
460289
884130
600607
208653
243303

149725
325258
430004

872468
844728
90385
298353

731276
127154
761498
632332
76789
570305

432252
893363
903650
533784
992305
276376

654955
569353
622248
286728


574778
887105
693495
750399

799440
744646
561649
832429
900909
556113
722454
516089
339982
611828


839389





163563
258650


188688
519037
987282


643618
489096
229129
217061
863537
162925

426504


277957
147645
974605
946428
588040
445356
548526
991495
469577


991545


81340
475266
944371
716094

96395
597946

645282

749268
560282

168672


531179
735603
501052

184530
906640
146989
218932

150130
251595
943807
127579

939529

256453
300793


934192
557677
997987
949058
67782

202530
123413
252756
939504
928015


588222

924658

336572
343667

948602
871145
657226


447544
460044


430139

989132
309727
42065
862792
893518
590955

379187
391638
275700

827662
185889
60834
314752
444494
30484
354906
794385

917393
410886

569270
464775

805255
968102
6827
247954
282512
718872
162005

2132
752417

955450
224411

514179
146448
964235
829050
510311
189305
241138
244774
100548
811820

195922
350823
675103
689604
481711
363890
165557
17310



267857
164035
782222
311813
624836

717784
479735


783439


327580
216354
461466
220317
155426
274611


480319
196053
761612

539718
461330
483048


664300
607299

242118
244613
353531
430346
380064
649978
736915
435332
162487


335592

536766

486190
33359
348465
926034
648927
539388
236341

178446
728183
875643

174118

791107
964396
712766

935524
923751



886447
936594
832953
920766
803365
384615
747995

550302
990310
999524
38869
832287
496895
40036
721958
325473
828044
585614
357317
225116

68761
780105

712870
201144



760560
607806
55821



937851
893538
870044
673161

573338
669844
386391

758060
49367
545318
294918
9113
646068

476443



107709
887013
313913
358375
391860
433698
152923
248618
200194

553985
221646

345360
184484
357608



68048
869693

651126
853350
659342


793041
320859
951038
992223
819832

560834
306442
10060
862398
649711

717365


365684

861027
903308
108878

376263
783790



947684

828791


451144
370363
518054
279388

344506
917902
269922
152486


957127
849267
416501
482735

837024
462926
768132

389538
483795
843242
325431



579955
776721
30121

279517
823134
15664
302598
382596
715725
803811
257608
531907
615769

204761
773972

139073

918417
259297
714742
806713
660580
196413
24100
795172
893052
214924
83258
204856
129605
929810
959947
99455
743550
964716
347023


35321
604249
888665
161048
362426
422681
762906
125057
902796
176632
546693
994295

575943

831266
627774
532768
281855
401468
987801
985055
458329


623315
788853
557921
519387
453961
488864
376245
484097

705859

239582
406370
400102
457681
432201
26446
665961
723700
470666
758981


972031
175346

217954
752052
759653
855129
445195
110199
921843
233142
705349


637291
685690
78468

726541
422188
307425
94514
876957
770417
628316
326430
708434

129487
653195
916599
738838

832732
548582
932560
536307
403858
126275
657910
131417
660678

931316
292752
515527

951437
42198

67101
893223



263062

919856
196098

649572
891899
172396






226654

19282



202120
501256
99616
775531
779945

716527

521797
313743
764802

578644


780827

615340
667660
898204
701653


442505
906882
309212
359654

203009
60606
18027
959885

187047
253461
541901
209778
368528
541843
594319
166129
839523

510504

707176

228866
314591
466681

414016
500682

30050
289159
111060
727757


343050

706892
252293
748601
677699
172376


753492
618038
856499
790420

487690
888768
121549

199330

801984
152915



452136

884176
23285
179198


314345
329759


236577


520627
234360
208830
74700
722841



80314
645928
673072

450954
864533
422150

267063
452410


36589
614089
196736
155507
187229

123763
706934
772797
308682

838765
286092
259504
650641
485429
724497

830607
643581
846650
271766
155172
458603
443275
580851


283849




594971
329584
641960
135765


297550
386450


913155
406974
31361

515866
586982
245873

613807
919233
787212
286230

102342




814645
581016
973530
869212
975644

587299

710193


708101

111319
365531
840803

293210
810461
616916
292787
865264

990962
596883
910910

542506

318887

776969
794861
897069
619756
319683
562414
369242



816843

608760

223141
215430

777401
192605
312840
994234
956210
901592
43599
956881
421854
775976
597159

47921



789387
370742
655965
987764
425726


310916
834226
813273
482746

77723
936156




639724

524463
271180
877114
479313

239364
755552
253335
381251
574585
337085
857244
589417
365476

133051


674540


690567

165726
972421
301332

892849
291823
254916
577559
800557
266819
578824
765868
309088
285230



546582

868765
597609
565790
953537
528781



787462
947905

618227
93552
520007
784566

510513
82108

996691
459113

913422
39967
69154
535097

321550
967514
266604
332700
274384
748961

247029
167717
921486
254607
359627

68172
830966
645996


444991

31726
632120
779538
933147
843996

372060
595097
863841


573402
535773

190999
668744
913156
22287

974987
901605

8988
987671

228984

185454
52191

59099

603559
831270

477209
593768
121401

100476
305470
77227
366988
439864
129384
133861
864039
224610

645407


533359

141321
22717
898106
149807

396693
517491

906404

62514

586700
54203
975787

124610
215386

353451

321899
233853
624543

195965
290998
178212
501059
12704
775152
967276

81649


751060
561628
996844
185036
352312


55306
806562
438585
63790
872877
643727
654718
129529

14238
119138
532134
85776
63719


966807

464979
418601

192979
497467
362710
526409
739645
128318
437112
688815
908488
463882
831638
881515

632602
101127


881685

852012
321911

502865


524641
153581
128832


610378
907702
655372
720078
104196
19053

745875

330218
264635
861794

667950
985199
683085
275504
44764
39511
680607
893391
224256
712484
440448
389826
39012
123831
82726
235204
335384
781859



579175
375407
965148
81299


33482
585504
312718
607624
555481

867094

676787
367352

252042
103516
513811
110663
764880
300647
603812
861980
379180
298529



585903
313854
446180
352440
391927

810415
950162

849094
358853


402474
536980
907868
601362


564656
909769
108608
906085
45397
257174
337317

414952
416638

473473
366806
989644
15508

960958

305992
519779
674720
292408



143417
292844
72343

512010
918758
216741

806079
199575


89168

969755
990414
357408


23680
956850


579422
87517
618318
184257
409043
475093

157048
216163

105592
554406
786601
763669
751342
152678
310209

477076
501482
567512

21248
596733
951244

391656

421123
770406
697723

976720

358595

423692
80790

99083
25605

492483

536184
339388
394120
604403
748958
200633
869217
648157
353061
883742
264966
311590
608213
672910
476824
533158
981105

467528
618483
294483

178652



568648
86779


478327
874796
930656
680230
264181
461511
144059
404643
662352
945498
600831
379876
350094
533532
586735

185100


756452
410681
752765
675805
50712
619007
466042
201158
125823
178941
54872
759905
99425
536520
204722
677473
976116
181044
46797
683897

95429
415781
55572
532826
649271
492950
557424
268479
974319
279067
467940

811420




174443
373307


552267

668698
328745
311580
341365

591636
526767
952558
210038
247693
996299
325890

149488

220918
172900
704456
322413
840885
50913
404308
572849
739846
387214
906527

671046
210084
486653
189224
125651
366154
825365

507426
469076
219361
601521

168786
569295
649270
259921
586576
806334
106621


531739
431901
109756

580961
89107
303345
728562


370358
382100

28311

695648
279490

539045
841344
184146
337010

645309
616038
553340
910839
4972
56296
158733
152180
667436
879532
596927
868740
125723
704196


606659

104057
78354
73662
707336
186761
31227
259770
720963
674928
823448

202007



68001

255178
598760
914176

703876
96393
473405

598712
582254
519786
854516
216780
384372
120295

230089
718430
53839
998068
527384
575486

68427
152153
493343
673911

659565
711385
805922
690992

293809
586425
190991
226634
623025
385804
734005
647158

792330


16788
290447
207291

114261

83085

196759
840806


668479


834292
189858



634749


823461
725700
948479
183599

192779

530853

985749
938820
60843


219183
840990
235407

275971
759702




512258
742553
76004
77460
838163
464211
868657
356627
375196

61369
817255
899826
675776

257688
717162

147982
251651

751774
984333
594366
519723



176981

430599
47791
658370



750948
541609
409191
347149
625959

93972


492615
845635
71027
572844


11239
510978

776335

217393


52361

883946
817954
108667
355343
561759
186371
721355

203138
426818
968009

162763


423461

740682
981892
967981
182443

246607
404700
488490
922899

634753

551790

581886
834834
658566
905676
941682
69868
50060
729040
953817
552638
858647
160148
347927
821486

207090


635474
140584
522471
254261
568269
320581
517338


301332



560756

542781
258914
512315

639424


979208
117875
564057
524862
776265
347877
430498
216202
211970
348040
250878
128162
770979

25834

199770
865907
394463

755675
410662

859269

766646
590831
418417
313020

924000

537454


328346

914592


430843

827673

234526
876762
5202
309852
667695
99565
19323
675692


277091

318043
436532



835078
451540
588001

719697
517826

485581
551829


741648

943379
696365
63661

529577
810296
512349
208827
955766
447239
572093
305650


200667
929315
596792
641241

786162
326254
331554
296419



974837
381051
250455

43103
817235
200376
368374
111865
735943
711965
297590

949546



773276
636559
970280
229735
388395

15292
646531

616978
496
610835
429987

524153
789421
797102

136695

525659
505353
303891


343838

152346

237348
225101
854138


891667
687327
181026

292902

385689

96677

803945
346233

250859
514439


648544
264410

891589
15300
516241

679335
884066
581065

780595
393308

119061
204762

6495

450537



485713
952236
661349

541532
427296

672170
26503
650772
197288
924712
908888

888585

764178

604148
926362
103272
136325
232781




692190
451676
457381
336441





601052

330049
778980

97699

763062

210917
760105
808492
164885
420290

6744
536495
469878

707286

274363



116101

425064
842428
301972
698391

716907
908849
41078
28943
714916
307493
480279
340416
20144


295404
571097
667074
695743
528517
34728
908553
814655
283654
273209

13128
757714

279295


468733
662566
658829
977155
214617
524779
684833
237659

539361
114409
571188
899371
675138

809019
480198


18415

338730
632210
177389
250259
237066
342956
369290
817
66042
891283
742923
952043
808670
523885
451524
683665
394567
117914




84195
216350
513683
177244
564009
978465
436567
554707

376807
459007

972490
869184
246282
284499
170670
636256
876111
876864
28760
425667
389291
825885
431678
190650
626820
844844
557641


258674


686894

652989
97688

44167

780824
747026
31937
731516
919479
427277

712737
834539
149531
229853

228812
706109

614750
658594
352173
480572
477905

6073
212569
990291
196399
937993
782613
362023
886799
378376

187789
771954
623467
247651
330583
695294


640490

228719
221504
102045
211375
480034
921094

108568
662060
489292
615504


502342
386201
546965

160455


921277
962699
335018
578172


768512
67196
249126
296229
585927
730183

356238
946585
927407


899338
187441
267490
924473


251424

736039

922018
71674
549925
844431

9395
318448
631213

1210
348239
576806



83358
763770
577189
496399

56087
666643
548422
502492
887272
456310
493736
913994
339808
386885
312671


497391
37589
637775


610185


966937
501733
456076
918317
940950
469013
167865
13868




91508
142204

731122
146426

671323
260450
123966
8650
540866
859420
44984
112117

970073

711511
750761
510636
722343

434292

465486

997739


357837

463392
608852
781138

476929
900320
991781

952629

835796

356030





552592



217020
995040
935398

889178
979504
584636


48918
167084
939160
261213

837350
785619
952985
129112

131672
491872
382922


551367
841001
788259
553118
535337

489801

348814
50786
387240
187395

371

488835
597542
79920
632470
477295
947994
297932
562280



508169
616516
404279

404733

603865
128018
904691
121831
238937
8620
274103
428060

345134
833579




426229

121425

238472
572344
973014
20079

365272
851145
601945
710433
514022
593292
549354
846247


67520
286071


457329
778363
768221
39284
273359
111364


833871
41976
316619
200548

788845


868669
531430
458278


331327
922383
388978
238030
431391
797834
61644
606218
661974
353095
273550

410804

684534

816116
75594

537071
812251

583468

23378



425906

696236

998519

899937
540708
132519
589872



829516
362780


443666
69063
699852

141008
893708
398348
403239
937138
181663
560701


444929
711401
975912
229913
133722

130551
77072
165343
459469


855699



12708
163006
556301
190562

467783
144912
983521




351884


731033
24252

485255

57846

178672
668359
640846

809387
47549

184760

394302


346128
736008
486379
296439
348348


758867
718602
344418
825520

134892
185381
562037

560565
321295
603307
171239

27039

306635
752052
643727




573809
83644



609767
656267
30179


382177
897735
547567
841589
79043
834171
178045
233569
1399
530600
367414
100205
885050

181698
848580

835105
646886

373762
220742


698445
799357

472961
10739
424614
830701

713799
682920
50318
594566
356816
973463

129309
564482


273656

559624
504808
536944
116262
440527
105012
596235

551845
27161


550206
312673

548880
122207
210497

509497
286712
522647
157072
76624


420584
511485
181682
232054
979384
624569
938713
702023

492297
122594
500820


863397
699346
551007
167512
99629
636069

195635
858615

33114
14886

829190


728486

714619



466820

610177
522306
39681
698943
578637
964919
252288
996228

613287
615737

521017
109372

753564
303377
659769
425577
790507
560981

266158
700097
120265
756018
468865
219426
117137

269216
761853
481314
895137
595470
307231

49811
496809

184842
341631
526766
756027


625391
326655

155876

196597
700931
639403
502292
312677
829401
686623
776113
757292
957515
460354
250481

21652
23033
247616
175508

667988
780435

811247
2973


872835
864727

304972
414997




973360
909825
156898
166979

140878
329002

905855


43113
712374


203055
485387
29657
889631
530474
50922
211923
380476

969878
415414
145679

509923
292920
889603
588589

838739
556597
751020


321990
271658
58643
526131
460807
662278
332509
445684
5349
850662

12747

471394
50893

326671

359170

866865
408525
247295
484450

227948

928940
498509

837696
429314
534843
691329



21447


925904
534684
259732
1940



340550
347727
88281
627878
555796
271574
64571
81510
738470
820881
684840
30085
592725

554413
33581
471305
989697

869220
117472
286030
445147
806629


281709

41397
633756

411070


877531
467819
709630
517310
891232
711256
482163
317337
427248

717922

519016
816172

533531

791116
890945

573173
737891
533672
547894

259017
730424
583775
528616

705812
598560
413362

199205
925754
644713
762982
201381

231608
88043
99324
647522

632703
284040
22885

492770

250117
225539
863775

662683
893234
53047

436792
204338
703889

103245

563727

458784
212672
919775
889186
563243
501851
443749

149170
551706
543742

456995

228033
812243

2819
569279
802261


634110

593272
520540
284718
794996
643029

882574
151869

770970
320512
514392

947720

234004
57774

752861

761459
297613
662512
80148
80035
2342
321028
287117
696356

733719

767136
900814
997602
221830
863330
138136

759386
358247
310990





201142
49501
478405

378640
887268
50242
286048
279908
702696
481662

561335
789573
532600
227946
465594
566795
362595
943040
948224
771425



168654
2577


287294
446929
99044
911066

355122

953419

560113
173028
618025
103370
237623
647729
515720
944983
689041
785001
667487


151744
674504
361917
319882
482738
233518
411490
829880
692521
16871

951468
468969
87424
431551
594332
461492
586344
750043

530136
226031
111641
20920


4582
731870
624400
330865
930368


567135
580386
560163
702426
972820
257211
299365
410527
199209
952204
347719
143309
779113

458223
45588
190784
401270
473988
322372
380932
798763
311579
9892
771939
149301
439226

566973
757697
846584


960193

137930

34657


727348

400259
170125
609548
223393
771168
176010
343499
505449
688959

968133
534912
638791
751731
227897
174492
208553





558807
268928
340229



819639

818596

448464
136208
744498
223255

734533

888337
440212
361928
922009
659362
664760
599674
469715
861241

264434


735134
1584
289448
198284

616741
634227
444269

36245
573104
101245
758678



149953
690428
925678
804445
425446

107348
572328
437748
44243
743092
381794
164986
730820
856039

184169
958067

93818
348943
463510


964513
114011

330612


594148
139205
738157
222581
360424

126514
708742
969203
632827
47638
74498
928193

963016
940150
761223
829663
783008



125315


814921

61039
46923
328682

258530
879140
178189
630397
556768

407127
234549
418204
475532

194788
647415
901144

456058


962774

88540
16604


718550
617527


96182
763474
186883
892840
345326
507596
904599

618997

291308

424417
162258
270295
537340

456341
423759
440236
306301

334267
632175
669055
502556
272283



3706
415683
485273
44118



833106
548813
737018
564787
793446

531269
165406

572151
456831
612400
616755
485711
287523
950860
711468
32391

547618

40048
504305
552076
86706
862806
503203

190800
871981
280960
697649
153896
693837
738674
444677
450077

216649
912279
770511
323704
524646


679550
575560
980877
116130
368499

908076
588862
971504
472615
487211
19349



73548

362365
607825
203622
805195
820526

908797
663546
94021
785247
605711

589718

569165
947017

18737
462391
222264


745447
410887
846825
997562
301042
403520
879238
171812
671516

435765

665966

453993
663715
581130
954034
376973

508028

497551
232357


321531
848576
748670
821670
221463
549255
358803

603250
19210
487861
490011
305313
471566
154165
730283
266010
950432
598789
87048
95532

987400
354166
453048
821395

304772
182674
300077
909101
413832

885528
130159
672778

458988
130742

770373
941168
200763
24525
191630
342014
192426
419808

591407

754169


238159
984553


729832
95748
161776
134947
236822
484449
61312
427277


444539



652810
300533
659084
335609
698


660061
19735
13807

672176

972498
190360
802773
782844
862503

403131
661747
893404
139208
53933
647251
228999
874480

718377
746621

26155
408518

528900
418992
38762

411725


429320


735780
269674
763912
154295

364959
706858

564712
157018
564158
716209
963017
133655
661547
992695

161877
349328
546663
741630
726116
717463

476275
983415

512426
808534

789324
802632
123345
728669
483199
140137

719965
794457
405669

104835
214603
620277
395117

382336
905713

762633
810055
761410


261880
247816

402232
287630
134835

764417
67373
526157
703021
633225
45457

119118
522277
180157

900250
675938

778471

661985
234297
484623
630129




94196

835754
610603
125926

522717
837295
946826
78200
31285
929496
103386
119447
355080

766458
421364
449247


612675
309370
552272

738709


22078

968969
446312
665419
522489
925111
674109


506653
591423

246275
807869
113961
849126
398390
668250
407304
479297

376415
381137
416089
162976
391448
690802
920908
706926

580407
899904
912331
534719
44165


910645
994586





464186
404285
912916
282080
550690
718722
367980
666947
184207
946703


745614
131353
615685

391406
6514

508562
770502
888131

970751
719144
962661
168095
648863

508290
756744
504878
383995
838404
17857
169129
714883
912534


819835
985464
687495
525872


156192
424018
452685
490458
233548
16354
477555
220313
149072
133311
994539
491931
328633
973858
193949
23157

437234
973108
262562
130208
374985
400709
347013
278471
724892

406573
138551
593832
713868
666944

790670
632063
724420
758649
166129
708206
744737
914740
884520
110168
525140

871620
304517
67640
639692


259581
437851
875490
777284
3134


540750
58309
654947
381552
38467
108383
304046
750171
542427
783755
690286
791613
912710

116284

206820
32625



887319
736218

883414
937586
104334
146948

845892



612271
837606
65510
964705
532684
551525
348360

561149
628572
114681
978625
739536
343646
290559
405913
508630
795095
198907
88299

197992
734754

902291
615775
86668

714763
459884
779069
497942
186223
847984
943769
506035
357443
336337
909621

441032

872873


193373
954472
622851
458267


235191

193444
862231
597099
934013
99102
919430
435437
842754

263292

699382
425825

69992
721790

873627
708996
171628
245128
626935
554332
23869
473724
306905


786365
119090

149347
49422
583165
411090
682006
200281

668233
378127



390581


92994

365230
561121
561383

271294
449753
949611


737015
458919
416713
430249
497856

586647
234255
508110

708118

894027
164927

534794

129869
503635
161799
273888
410358
298836
580912

804343


848599


859762
502170
672421
991742
332407

52696
146499
47197
28522
398810
993065
337938
319917
292824
888241
146013
707858
506808
365839
359336

976782

4649

692197
914124
59137

62260
794158
284675
53232
578117
840028
36339
774128
957283
771605

403347

995188

508769
252780


770268
475086
442656
198819

553436

27184
960977
850412
341044
76321
91522

634771


81030
979611
728682

266488
491231
42652
807884

132945
461633
91846

30762
807119


787712
598154
275863
689505
328459
482798

378393

250457
100234
703035
703132
13120
73160

328693


33902
635068
614509
604853
36278





993879
773226
391018
47268
618349

849231



436346

701239
67518


253207

583987
888930
593368
739807
362405



161712


32982
123575


125074
204225
782877

358306
141074
462464

731006
118053
372111


115201

312910
583623
930634

128011
484414
286188

303718
445209

704548
263575
3167
827307
345535
408946
929861



188568


46374

580470
120136
829350
509213
426012

121342
649663

815961
579785
405355

177274


74594
141986
208726
881650
797792

512088
365705
334833

824058
990029
214287
486811
685372

734154

360803
768759
892215
806597
58406
85989

492053
218550
854564
779871
303507


866778
202781

944856
507680

411665
880157
517195
735398


921803
177528
271816
472914
325092
341217

73461

745686
797091


355626
761332
37245
452255
116689


274551
45262

339429


824127

505940
967105
224152


4148

705307
333718
639576
192579
674584
771833
319432
439723
644357
534332
480554

131140
251807
611950

261145
547443

443277
347319

316938
891350
568811


666219
127425
228921

657079
304669

202086
334455
490749
241768
521108




681488
91137
861170

375949
994937
852624
753976

74731

113581
775255
147284
727
255316
35027
505986
661763
336912
356824
429551
301642
78016
113496
801192
532840
675023
505258
227505
618393

768178
523023
939628
826209
27844
706961

267893
3448

355957

609456
268983

673191
297839
9216



57055
914684
436960
747692
869217
247878
770755

473421
288893

564608
133804
756788
139671

353616
875124

677844
592245
5114

293707

129999
773198

706824
343962

417352
977827


425010
66353
789264
516234
163589
895607
537812
559235
562837

626385



819277
165685
520649
776674
486014
192714
235249
960465
348302

166914

71264
197129
403943
820349
735199

612829
429830
573496
700667
920968
866910
270248
708532
465437
735858
686751
914606
676928
967414
208133
921367
496145
74144
180621
678993
208339






249911
808069
647205
992206



915939


543865

804291
438448

583056
391472
843769
619262


420117
166950
314447
510616
437697
951850
471311
992716
77800
322131
936745
473461
488642
878288
744782
266198
858466
860287

920464
856249
726310

749253
239714
30321
651065

174372

122273

8098


336463
96822

641700

192496
352912
421733

460176
320959
534707
539318
654308
113268
17141
18555
789992
168030


872553
752953
112641

328040
985575
507701
630648

887958
224627
242125
297789

573928
404315
786104
966342

890614
397287

735687
511368


565021
766875
240554
474075

762870
450594
655210
956343



737472
487654

467958
443617
629783
841060
595862
465325
425924
328983



790897
569111
761959
96483
684697

832473

232383
349666
404010
154574
804700
282852
685588
269687
582776


798583

546328

707595
79397
405909
799423
858196

223776
816018
350061
34331
195101
653979
522911



455740
23523
308467
60928
280780

371057
21665

740686
358154
802871



640001
460188
516686
273585
649393
217139

821881
872774
672410

560171


912628
979363
42892

274838
701832
461117
389938
385177

950787

96866
477384
267378

880022
71793

633308
998187
23603
136662





377862
117595

348005
425434
731849
134239

129502
909432

192120
761111
178512
940393
701253
712869
900888
819794

122245
916890
671480
715691


686870


892974

815760
553030

971149
147616
945300
117466
936226
46950
523409
88849

43196
31996

207962
517833
130763
361021
773566
862489
356952
396429
603798
978937
536155
161823
505655
641503
289467

484779
79686
810258
178558
130608
864013
923968

668938
769909
678015


817630

431818
450024

304766

554271
373148
268671

978966
339033
448867
20798

159813
119758
156059
622401

646921
716051
732724
604137
489307

26813

694465

540646
194430
484726
967198

626501

451706

781458



827160

980617

686153
371617

55607
514378

515224
577793
581438
564574
514723
