770088
7211

463595
178998
907883

991829
812082
209629
433060

869868
484154

690871

713866
646615
659989
455315
693463

509387

229090

394069


577108
279734

353913



997096
221358
785068
875487

929876

53425
256406

263276

995835
983959
877125
705840
107970


505212
528284
74476

916994

919933
616911


263742

799242
374705
376021
564828
230776
523714

517673

777940

941418


118472

10368

787209

949120



362136
60140
733904
626234
415358
801489
699336

182188



663110
38614
737940
232255
993112
723380
411227
125334


195889

743099
893291
327193

802307


630451
620933
193886
439293
730691


672737
895190
710527
294535
945088
375723
212493

434157
393152
758255
762860

139802
455521

570951
523249
652872
707824
356248
855208
825684

107642

732057
701569

239842
638878
402980
685454

930353
444607
504090


402579
294435
480411

391976

810849

581520
143222


361602
979287
907827

425342
417779

97610
715857


634825

619300
848029
395208
375894
775460
328037
442703
429347
722251
434217



626053

965030
497754
624774
411375

258479
717296
244847

659014
932318

415213
360799





631357
620751
620145
640656

43664
123078


745897
888392



343385
466373

243616

794268
687676

964114
583591
549763



748617

599880
400861

771480
208834
924152
665735
726380
585590
557880

384398
240459

333953

48054

541601

382089

276828
364369
626077
161723
352661
351522

293356
962155
516245
928942
763035
767753
455226

958236
436411

654881
717673
40437
604379
592561
363061
981135

650431
955660

794984

498838

80605
484741
626129
764991


401472
944033
696026
520544
396210




123580
43651
439360

336406

980165

428513
968737

165562

884154
870304

527952

865603

294541
878562
353278
320487
86129
665740
392901
550085



461423
695595
280241
475212


854090
286018


973131

551934
877540
181385


982218

425150
373887

189681
875291
786272
841265
761515

35610
100507

191738
317230


649863
549006
806401
867229
607638
684719


395363
959584
392475
654983
425620


285362
562519

804960

56166
527645
570909

978716

781333
62870

341248
341043

666470
398174
132595



214463
31112
216693
864665

454197
481413
241844
11529
531854
962251
563294
292161

475428

322517

10663
881504
752708
53082
177218


313150

286406
104648

130793
527440
924078
911824

994994
687794
673110
770818

455934
515694
713008
86164
205674

998500
380916
263332

707531
400998
367834
378506

975353
625587

259920

602848
104783
968150
45616
939122
516375
356407
835677
946400
141549
419872

162799
293226
93926
797477
18606

245904
19927
587277
81822

677497
694975
937005
621709

612019
161006
344155

496403
484814
663434
555007

92218
442139
505824
512256

96318
171523
47283
16234
561416
291229
868009
443737
888787
193886
199337
678192
999170
659839

257315
576093

623272

542093

714195
697248
706704

486038
961356
974796
361034
707399
843200
855903
801692
291071
242297

189111

492633
825341
284575
272544

389327
801252
470900
362640
919177


152436
740223
197035
268037
490915
48344
747930
797665
427779


361090
693760

203611

682415
40965
780347


408778
254156
825148
5785
422387
478873
796373
665556


891641


60266
371427
445688
123946
54850
810837

899828

19580
273105
856233
878746
683826
927222

562051
343581



409605
812935

849477
842969

764794
453046
157297
256255
808291


772308
966901
15369
599076
621084
659085

815032
146196
9836
315197
865178
508087
106581
934893

762621

956794
569546
473044
684600
652447
192846

24595

621221
948853
418492
394340

466443
498871
49424
206593
698448
247696
512435
460838
151231

22713
92023
546172
565301
608238

680791
530813
133440



995544
390359
78224
97192

265898
814619
556112



832376
479851
795365
822238
555175
815824
628045
164896

458151
668007
858638

123600


572932

7373

216622
555000
945825
710395
755519
851250
238921
944410

345624
708845

277741
348390
331702
759688
969922
844221
282148

822310
894048



659570
300420
397857
705385


178840

533711
562520


562845
810734
2901
577922

350771


875225
364589
788237
673643
155760
618336
760829
425316
763335
885265
457173


401018
669267
845927
356886


103097
736555
164699
321062
521321
667486
353348
871340
100852
560841
673549
605432
583510
396975



79015

47833
916117

531695

240507
369431

695571
760653
496819
672027
631147
426039
901285
743036

397738
932272
7112
577407
88799
806080

78024
312563

467945
956361
695364

79353
882308
63774

456147
382212
514962
538503


895699
332284

398423
312785
278814
965536
545053
105242

366195
888891



182567
677357

892799
558204
136638
158077

565519
917706


955392

253703
44289
793938

539713
755617
926828
240164
330966
26918
128212
373410

468810

84180
430985
816253
409352




741217

973743
563099
905778
804262
334851
996649
978397

678407
224321


714598
300660
749765




59967
943848
812500
518827


151969
572920
898913
751414
377283

850273
931275


922762
348802
801041
460470
467648
333936
49213
797660

349691

270509

6431


383950

796300

535993
393656
483886


71111
415344
643291
900308
395254
565703

806807
277886

786657
377476
734124

785200
475180
770773
262283
789885
455033
28032
117801
972126

398619
452075
370503
281307
625102
799313
276159
467985
514834
493368
52288
37110
766481

837222


338762
228177
355809

22574
420790
904259
378012

356021


43775

834248

509289
302645
584955
264161
130377
270632
507454
140467
909399
607753
575206
467684
330904
366970
818692
358825
491807
940191
201665
972872
873802
596929
352622
772775
764853
942011
908865



230322
7841


229871
593497

433647
222275
102160
336466
377541
260697
659136
536108
684771

663498
73658

252676
813090


291178



336221
250159


488932

909081

863998
215570
388546
817554
562521

871365
530679



603223

114592
497674
548809
19930
864690
495438
118226


954038


431920
263249

14971
876293
77230

255140
582017
789852
643498
339026

950448
35254
891147

567308
310694
146816

652325

803884

729445




406550
242096
283365
839903

653940



7530

801533
510843
16670
316216

721513

488960
84016
702964



552245
752068

103655
492932

140690
64560

961132
12113

740386


568734


849353
252929



759885


235138
236541
480860
45862


760430
478755
833653
468895
854928
724025
328696
422286
837991

132722
398998
926744
540120

381722



274962
282999
574183
31173

73657

193787

72136


570816
707599
471303
811432
337818
521318
10377
556704
917049
462689
729387
612106


689526
893350
35764

498461
761883
247737
400574
282171
809321
333325
950200
760876
481761

578624
234310
816283




518409
782772
272541

399994
921690
464229

796094
592103
847821
900429
752726
94828

137741
289622
821604

984612
85366


252912
651724
399077
825300
130794


408302
697714
862450
934262


211755
970089

73363
280120
318877

171694
148234
183860
977492
537483
624755
597408
991215

646126

740796
684377

420627
610098
294257
805000

892996
531622

757346
574477




975223
905047
193239
762881
712131
78919


576333
516670
227341
309828

86094
922709
449547

372430
704488
182871
403807
413114


684580
197113
53979
404026


92817
842201

834766
716130
312035
486712

293214
318990
177351
416351

543120
454667
115689
424064
819969
469974

343997
658062
406222
962745
184483
449706
451197
65968


965886
703588
257617
412549
976414
268968
447733
170889
208686
483652
830179
127227
223070
340768
410273
244312


91380
764930
245558


269559
734017
532006
779590

901096
431881
26694

472891
253720
664769
75342


584426
154024

257546

931477
574148

310156
582791
782248
270994

798329
305648

439972
799902

156835

739775
116592
542965
258835



722367
407270
296884


828140

528208
479251

978109
730138
439406
412230
331465



998381
535694
425934
125004
205365

474257
597707



429195


394521
853510
25728
9153
952048


728347




190934
878375



841870
899354
267454

462240

964776



847237

829106


354696
683280

679384

733388
685972
356981
862917



730772
831553


412672
159515
980011
266630
924650
566203
197043
534874
651771
315378
473669
825473
630645

174036
167655
800715
793619

437370

715802
357909


829214
194098
332689

156242
784666
34844
13969


648816


205156
44167

344096
965670
169214

970096
771320

593402

889250
328896
353012
997844
363469
531631
220103
80570

618562

161747


132688
999499
721707

811988
650356
824705
595202
93871
88672
173785
134999
258157
253648
313389
584003




67802



182107
751573
468492

553510
803758
926530
887779
902925

873710
665594
21074
910851

29403
574689
464491

915554
740089
840569
415775
721970
696178
382291
24056


563354
199643
143758
243858
547689
965356
281357


747031
112152
637691

90208
112933
537081
766779
24964

446130
986392



433396
656115
304804
981462
826975
429142
396423

191688
865091
846538

741915
525079

42715


970577
824467
718627
333876
183705

950667
850299
284723

224541

471349
937286
55472

207689

240994
819888
56621
387968
714758
363656
236386

614920


816498
914171


92268
721998
367049



31115
940624

895397

881441


453890
202640
374369
466411
19564
507580
412547

554969
450826

282765
93039
941253
197164
64733
277137
245618
75639
445412
710310
65419

193084
363650
829594
735703


540358

313353
523339
261379

293375

164586


651311
79299
80459
843616
687896
930165
973362
239401


163132
199397
338619



570605
179026
658826
977625
783553
979261
187156

158393
424416
495650
485540
118014
790480
188556
27178
461290
512552

285354

160523
854371

871167
560649

751689
566666

873112

571860
621615
623416
151205


532074
625703
638601


185929
855535

308172


665713
199473

851845


103643
156085
218389

392244



712664

99991

867878
913960
977860
17640
977348
694142
792050
29526
212326



618576
223163
868972

771915
319751
563919
46947

459995
71421
104748

564422
70583
217615

308603
47557
138528

812455

449483

182148
232099
441562

1387
563019
415335
137755

674298
343249

487360
236283
879369


125902
84855
247720
419927
820033
572753
25926
767502
802536
906173
533866
146909


891901



944765
938286


841151
730438
967752
151016
319970

543198
644857


570106

579542

988021

282613
859369
229192
870513



74367

743987

653408
953770



588846
38799
396552
537717

719586
667648
558637

554576

800602


507845
419110
667080
967414
580895
917077
10747
722438
663540
316052
32566
47105
923076
142802
73146

622220
782955
219177
81346


943585

337920


908946

332634
112611

652915
652667
538576
180895
863345
135164
108493
457106
651214
182072
2487
769756
669531
30908
704093
906863
57163
670016

184449
103024
334072


236441
505981

791133
988593
971111

214663


374083

768559

43621
493421
101025
685606
123645
616668
341196
886998

881610
797272
316117

428620

805342
924685
509314
618066
383775


560790

791586
93937
73903
344664
301556




523408

528683
74948

787548
887868
233749

37814
111484

933523
686585



229645
874117




661231

441100
335211

62458


382256
679853
180093
669197
12011
297334
319669
380981
964503

471083


335192
69706
909320

675215


847200
529166
973068
300535
28006
440170
504978
36938
885069
129611
752700

732715
938343

86902

511038
736213
217587

511947
469132
277438
255874
954147


601005
664039
386169
99839

60794
880018

104060
543716

820280
740775


283614
327543

403795

853020

953824

937630

547192
192733
618938
395225
654000


758706


991062
133796

788442
751471
217915
203750

942434
13356
63996


335351

971972
474888
672696
861449


600753
728000
695906
690491
158276
513864
494540



16433
247967

82362

579219
473556
797229
642234
96227

739586
679897
561754
923988


945524
741859

737072
605596
440560
977918
532350
569547
82217
954053

297497
506412
987727
954630

315912
800411
255175
34633

14631
458584
616200
325494
17719
951996
432617
462534


288693
359657
750484
873553
808402
211003

50960
960759

897708
433052

368888
60367
885563
518890
599844
197933
242170
483729
367151
35891
836026

300967
491358

314245
133610

758722


185957
120094

862450
277851
490259
317922

274581
655722
861719


808539
723087
329700




364918



577589


737538
664791
180995
54432
221587
749561
533270

703747



156202

997870
806786


818555


272400
561250



927249



911189

19969

935861
111725
713725

860159
808578


293057
412606
669101
410722

706031


515587
708312



571170
962682
325295
888154
419798

627086


181251
53189
633009


689182
414239


208306
719290
951390
353544
251082
383213
491403
294585


481620
33906
718273
681361
631419
99300
556768


464608

309796


502273
320076
486351
668234
39291
610454
381016
370907
446594
970685
387065
772148
445629
242723
860628

244104

66143
200609

43609

614485

13877
741687
832675
717578
953446

105126



493361
184690


729723
339326
787090
810261

783622

440548
586096
740447

115991

882744


724077
830032
402597
389198



853734
485637
685578


149319
301430

380846

669416
188781


251806
805142

297693
311512



244765
737131
743738
641789
84545
708915
234927

505312

805529

723419
540197
757471
248114
121786
248464
830284
445519

152983
355018

559957




726050
442400
860907
503133



726787


544231
897759
357319
489068

434649
257392
695462
537966

516292

483515
769765

899902
170403

347241
186524
663113
507783
93758
452055
867259


133459
548805

487765


296962

640146
586533
510596

850227

476790
108781


632751

815942
201803



512302




722802
291732
16266
493412
981439
947954
862895
585702
80564
611166
323104
248168


537150

225414
890271
345667
515835

549059

145249
585302

485963
183840
580312


113742

16207
665940

819503
310709
437734
714851
819641
335857
99062
680390
672429

460126
12914

548540

23639
534214
379850
393677
44424
491648
739586

26487
531067
157228


270267

936803
673154
108635

257471
167820
483591


454674

395589
398689
927882
822484
286706
959309




377990
241900
195309
811025
817371
50827

15613

474365

234104
268858

378009
863326
970509
181470
264584

273007
174058
622210

535258
748177



505303



467865
18116

474985

371201



813317
919385

740289
40190
498817
523242
877700


39848

218497
746189

887740


489061
745946
341749
471661
122007

852815

148346

336049
814750
311809

197796

931990
416592
27463
420459
852504
861368
378375
328722
132966
419181

747727
115767
498773
778675
233887
3029
289508
324495
647113

189042
33883
57465
990997
16135
387338


130147




472092
801241
976140


766136

223728
97372

799385
459909
472724

962379
531607



190040


933925

577922
365147
203425
411854
764306
753970
278494
971822

608183

302020
497990


757245
458745

142792
509678
720427
88810
628013
171764
477395
699046
69416
103734
663176
16545
330891
619931
530094
52540

626029
498075
73172
615886
969199
213122
927132
968299
264531
176768
563339
729096


639145
563393
882527
654076
935523

73361
856741
461097
388829
106790
500141


594317




194131
417201


815560
881012

933733

540259
331659


516953
815113
406437
663289
409781
997394

494002

824921
178229

532396
185042
356700



380516
455745
693522
547903

102602


396628
355658
292657

82659
122983
284222
272424
191641
241120

580887
886528
3265

250898
490482


516312

184054

853772
863740
963782
437535


57328



958190
194313

504268
408983
147018
743571
38852



667909
672749
138081
436638
785221
271717
217426
493053
870960
923518

996061

412883
202381
306944
386776
296988
918907

296318
129309
4505
652413
741360
869408
631299
785537

73281
5749
761095
139831
220327
846167

538760
113687


676562

862121

854563

137887



854200
656884
395688
180251
290242
51686
681902
751428
433979
890206
689889

595697
425047
802521
903654
427854
497495
157797

725966
289048
549764
685822
261929
378062
446625
509446
19305

423356
532840
119238

91473


588053


857059


54568
417467
312955
894445
186801
363706
233906
394385
940190



154582
606046
976711
266050
924391
337895
883207
81580
308402
105848
870587
45294
696298
815488
643428

590179
604988
255868
129211

607317
667532
697185

282500
502064
789587
287679
271236
333466
532605
450652
858470

469886
85846
640100
487083
706518


869318
208818
563612
556169
853720
878872

469162
851653
612129

308055
480488
417338
883587

803435

276434
820182
98340
280333
989366
387765
542024
51412
167745

789736
443972
702450
380685
612634
1268
236576
102745
280298
822755
780126
394205
846945
854703

394634
973663
729690

363551
515615
401610
582564
651529
117779



10963
331742
294900
680773
376808
528738
629930
500622

922890
325798

461453
111482

64397

988405
276709
159862
142144
574915
885643
669656
511866



70476

386207
576233
12829
564995
369359
857072

669983
5831
905307
530675
988195

470611
55626

268909
900753
627615


54246
700810
801089
930164
238682
246152

773275
230223
377875
82049
975249

784029
263744





939060
657531
347133


22714
915982
793876
433594

398196
643266
599935

347891
594835

858707
202900
293906


744980


894328
738927
239889

275511
421253

551908
396528
910339
579609

959271
160326
661189

362929
410153
965142
395480
696212

527274
65233
432277
974832
84191
206568




869523
504078
887042
826955
668582
439423
312800
603224
215762
843563


724433
428475

396381



850244


257991


860620
642375
81710
55754
864879
72691
510956

792942

610946
240395

54236
1835
939399

516387

582214
724128
418660
399705
35582
520302
11752
338570
557442


699472
218736


40480
187272
2762

760039
127501
574544

42189
487731
95350
193006
891291
978023
782656
940109
726410
881825
333788
655112
947082
283656
891597
375625

274265
814083


943019
590169
305144
302096
937975
563946
974458

241823

761059
282376
489659


7489
100331
197806






605120
120489

180222
626203
864570


816944
345413
48538
366259

827225
813350
457196
944859
43172
121417



865535

318106
838489
745331
951268
28887
370467
609403

390946
520218
13560

996874
146043
398725


663679

77576
337560
149477
363509
26275
449319
45643
81128
741753
858108


409803
690728
542450
471326
237166


627563

59984
801200
523535
806126
74467
636478
402607
550383
248259
484561

429011
917135
734093
833677

830871
592482
208694
630091
219172

85116
289122
5245
346558
749437
955185
680940
115830
248136
515233
962649
723010
459893
111068
858958
785269
843658
422549
610733
854741

923895
845301

772070

192214


588888
567908

427573
525241

841190

598116

20900
733436
293011
829581
840981
452632
966995
218230
890880
813156
555739
73045
318959
734732
634170

414099
423427
308796
169
487648
546809
127226
917031
799387
499293

470636
566405
719966
965229
959338
723380

511498
614470
998406
891745


180917

785064
144347
12778
965179

72254

771622
271642
660283


661853
24092
932045
101898
541979
753814
841016
571062

335034
500034
45764
820641
122635
311626
396126
969598
821432
781654
967502
236735
391565

444893

35185

813401
989545

503008
585742
157583
564024
768978
852251

522928
63799


680294

553033
896615
559483

657320


544156
468342
418517
155041

762134
191916
9163
362549
445934

25447
745791
23425
887226
264831
963458
444880
589604
713276

297527
310164

362943

321049
570639

700018

946691
909550

775080
598897
679547
234784

69486


135390
620695
929703
898771


826707


130038
893678

576584
545564
715323
608833
731984

121731
783178
77445


968016
690539
820475


849341
925147
285579
467616
819903
16136
456739

581622
119746
491809
432646
258543
466797


183342

392198
86906
340677


5893
490595
559198
591617
931347


73478

195161

802442
66551


171318
687912
48376
616452
638049
840520
526029


92964


512470

161521
587961

107983
543124
887126


327606
781934
277060
828332

866398
363193
542698



89177
926795

775603
736206



169644

783068
825254
941943
244241
974939
993247

26026



179349
958464

746066
452089
265542

973838
178199
199796
151936
167616
747293

632645
549632
471457
177483
23781
164777
176215
67664
618113
452178
435106
469433

854108

804158
678200
762216

1718


384887
165308

999578
501028
763442

51783
648374
327562

542658
826706
134892
169600

728964

866959



161133
635581

920622
389739
150856
303137
148910
543846
440895
348064
152341

211869
531016
467574

217589
727178


826026
218485
311839
316591



67344



367098
564246
586555
938594

702928
408415
493052
275729
539553

146907
947748

18375
899115
926867

465219

318861
61152
838349
968802
859998




846685
51547
839072

836031

524322
428868
250303
247858
780844
313852
742553


199600

611533
442192
898373
777835
42550
720631

117184
806318


258597
704282

977416
796201
908153
339050
680516
608423

755655

38381
596775
719230

292212

387642
553715



333080
646350

852800

134835
710686
761453


29432
905436

508045
385527
882002


563638
440659
283334
239727
375848
533593
688288
745191



835228

630214
535895

858193
99325

534160

431246
366547


388953

214221
740911
492261
10645
600394
656042
940158
365078
224064

560965
360325
851410
72060

153514
48037
116861
639731
58759
123393
412994



189549
822240

542555

490976
669046
644688
20453
463317
535069
863324




318853
581465
877778
928298

621790
57868
410879
294752
965869
715849
879516
955604
742213

833087
120510
907835
866166
793803
766515
522008

850201


450918
96539
610000

319327
170356
164788
316608

818610
504050
418823
246902

301805
86720

825128
679964
463548
250169



72543
418831
945440
398123
601183
193042
764356

245865
919183
332771

804362
156271
872960
298217
659271
997058


433207
91692
856763
790274
204217
183730
934814

895143
352984
802300
653783
201511

715319

786771
47311
696413


9220

304436
100911
808057


249253

582704
640459

833738
885898

249795
81804


51401
203207

364394
197104

866214
507106
955367
527059
652048
920760
771739
770950


51064
299820

456042
230118
489359

152746
604512
477486
941910
179742
516514
849855

329960

302069
643320
9862
250440
160506
627195

805387
259464


319280

481702
720712

100262
638745
698815
144577
506777

496842
667265
767195

160291
53143
760793
908393




20143
391574

230768
539988
320119
822957

917841
889270
45249
461381
61919

936921
158116
422884
206273
855895
90085
203376

146849
952742

352948
469569
69143
44863
794486
785215

454093
225719

745551
772415

474996
667361
96047

715990
92762
71907

971256

687628

823619
610608
58332
275385
419647
819561
56087
906557
143557
322446
619368
242268
827348

195368
270107

747192

299518

193867

153157

845036
518987
647471
794011
153255

307239



931709
83776
945990
808790
871875
782947
108151

415577
795191
299607

93493
208760
751035
224822

233809

158833
778144
489644
85867

622159
497273






703404
381006
464777


664657
546145
769037




737918
462892

744380
556046
947819
869365
755831
427959
448667
983885
717031
107235

385312



253431
285917
653309
108381
147106




507057
203657
310007


371743
656246
244617
904818

708788
241154
460237
517738


216003
649939

690590

675438
8401
537404
876874
54692
904086
830193
268771

122777


100656
594815



76886
304590
524076

110141
366075
161533



35325
633188
792867
353609
504914
209372
701202

544424

889303

381987


571539
544169
943382

15984
744104

731978

439176
29779
12267
321919

497093



776473
725470


841539
255362
604152
323414


410831
428509
46445
644040
820448
571698


386078
294976
593743
953294

766377

640605

660614
817912

19693
928922
56701
55499

357831
987694
772758
391379
171993
283456

641162

204983

266792

874871
86171
560816

697219




6733

470275

13094
667398
801736
442491
106351

672298
382526
783066
178023

148657

563280
953639

35721
339042
902327
585651
452326
125420
131694
976767

899091
588648
203492
147017

864263
885806


268711

227764
337157
849369

670873
858531
387392
643732
988549

152820


507927
383170

53875
227687
172429
323985
308049
31245
751264
716673
869250

683616
223176
182627

846183
377641


663905
197247
49339

397035

938971



568250
949825
934174
42033
319781
459455
426814

835495
108616
639469

788976

807448

404413
80856
34219
537840


841516
146254
125891
405851
733537
272154



540530
407821
295175
684725
485398




501547

361294
395597
179474
667592
536779
152984

89508
814454

187219
433854
957039
234112
286919

18294


630376
501270

688195


160298

669630


169538
396636

733076
547860
707875
333491
853879
851894
758286

39691
847427
931409



665358

131263
623970
531852

395480
700172

593174
156197
14511
340096
717444
200339
670711
399105
889600
223449
545683
221766

693807

603100
641314

360667

724045
160829
754211

379096

789335

996150
209608

589753
149862
29484
874251
167846
112308
523175
118566
391449
776815
882555
505934

180824
293733
475455

855098


281142


199621





404826

385385
437500

698406
158869
887809

990220
841946


531989
918692

36135
328690
431011
156006


886452
159147

625762


965607
772758
617384

959006
761268
948964
980854
726010

58091


198929
60085
747835
294274
410172
408875
434162
726050
711197

511101
949788
257821
435025

670172
345085
72878


441075
973605
789724

584266
42514

883144
584211
389883
538539
213938
733157
744895
470139
796971

950440
372723
53806

725986
1709
859707
654613
871320
452128
590182

846810
938570

913587
247159

204049
332177
690009
63234



528999
647725
383220

650285
198908

772863
246256
457492
79802

660128



494901

310096
478791
615609
112373
528923

723910

2040
178774

245895


861127



669453
221712
492917

11394
687232
366025

183828
29837
474770
404880
563882
232852
77302



467589
239926
177251
865290
625895
850569
352660
68183
577901

300781
964517

73811
691347
393825




946759
512783
17620

296020
584351

