384933
982391
552396
108013

321162
365763


780448


420389
231548
818102
690314
223546
153200


251214
10660
180957
834180
661279





561537
960044
803882

21372
918615

308356
678332
819609
763249
299885
85564
400732
228579

364218
725224
196945
716161

990613
152240
694916
538369
297690


967002
516013
716661

765092
460797
251873
524302
585724
649946
78595

581440
140011


126582
325335



808653
536165

980830
323576
869019
11892
478348
955612
218330
187299
953154
839000
145794
673902
929201
388909

393485
291814
388923
599699
368342
738756
849048
121223
67178
744646
420497
236424
338542
488803
806224

405760
207053
946496

66275
631229
330429


391285

450350
419337


648447
343978
767340


145884
411361

214726
981863
394094
686208

172217

996076
293865

288923
517461
397652

899737
948295
4834
371645
309633
870825


589472
745423


460851

536964
136489
497412


696599
885242
904706

914108

622818
789131
957901
718370
459738

518248
590222
611772
960324
664022

190619

189239
278381
203465

613961

193273
346258
499592

869991
923175
854378
653071
206626
647969
653956
54893
801434
251504

959395
46877
681772
338893
882074
740211

649836


450303
126271




615848
317024
623751
879815
30448
898408
873522
112785

290641
513955
616577


205814
420140
679072
191633
777040
471627
149437



24095
95184
322402
220641
753503
856516
711541


647813


157040

4001
644738
785557
609351
781507
701506
123567
759977
231863
103002
334590
333303
850943
690205

936292

140266
875912
674117

171026
711871
141587
207625

644473
773025
739897
179360

174882
309493
738755

615119
954721
829526
562537
269564


769695
792107
566450
205804

464678
101789

871698

384248
658976
81787
658376
578225
695504
69786
953581
581290

780656
612589

395996
427495
866517
485553
988114
892180

106196
598458
533888
623199

596677
356911
483161

229312
281571
11516

903546
61643


493005
657731
420925

292926
629007
811926

917785
680311
403086


577887

309770

251139



391351
829675

275740
763407

254378
96077

363634
201146

549813
593893
47178
210745


501950
385241


547990
808328

567610
672555
977834
503182
358080




14620

451081
573710

35945

128542
39833

116393
916457
877546
290491
535797

472810
631004
522110

200101
739073

766989

839726
33009
830950
172758
836675
388215

823931

283740
129118
515858
304715
598021
646667


806795

76986
960882
555494

972454
756208
719044
249512


77262
787540
486378
879074
11266
469562


405234
928314
392242
158846
867367

272748
388332
992264
353744

500401
211246
66674
927054
535721

6891
117247
871487
50834
109479
892882

477695



945086
591909


736686
699338
123447
76512
712022
229445
223269
291193
198178
953358

184317





550549


340450

71443
130071
113950

600464
932443
614179
751634
710494
925352
357892

486473


298869



288971

897250
859740

711949

661296
85580
471766
504387

753543
731221
729060
765902



866706
694089

855847

614367
604538
968539
226570

828781
760593
480544

957813


596550


159472

761328
865603

6186
470683

467496

355109

819879

137094
884402
368514
26503
254575
718519
919626
375656


38307
643190
417396
947401
910631


440987
271131
149958


514994

731703
81376
510712
303104


422059
611230


190199

871098
710381
286195



310205
521823
150706
808691
59199
712419
453161
511603
798230
683357
165360

428060


341744
773702
828991

257051
467294

311756
913233
632332
158203
176608
270886
353509
962881

868293

11966
507002
915841

366548

374892
262749
393661

9260
280477
278983
851321

368945
143268
247387
975384

451964

994859

228828

951663
438473
94869
733254
764226
260458
675425
437514



217761
52631

21293
92705
545167

487540
420976
984376

211994
778305
682507


390198
307358

319463
889763
638182
345863
743507

954281

189266
712064
553307

709303

575772
500598

990715
997633
903245



301681
120

675025
80448

273228
266991
431883
682313
297171
454579
77979
533572
836036
655858
405377
948149
551318
318314
581967

397467

224895
615524


521708
222625
66618


476849
607814
639715
261625
583248
327374
797591
199373
853885
8842


523333
57979
820809
280158


950344

945806

925911
639967
522007

138
213529
15125
536617
884022


833960

487340


529377
217664
348242
222435

443423
881819
576427
620

262648
781556
894939
569815
977221
961364
294137



335869
7198
745336

558049
681314
554875
889553
877101
822822

574833
677557
640742
544260

2602

170833
171577
936960
961292
250880

572896

942064

890824
873765
582609
342468
263819

656634

489352
230553
427618


772924
653180
900136

257071

851817
698174
912823


550998
242237
105459
745177
564505

569023
286203
756373
494424
83551
450845
398261
626585


117481
68048

583523
599351
787437

189901

410889

556959
302283
167444
835533
459171
285625
595383
468458
327844
92219


461004
143003

218334

214806

455127

282696
214078
702787
406894
683282

822200

657279
605860

732733




534568
346954
395136
192696
416675
839410


757996
100477
77745
105221




752569

469930

979310

832047
405757

319883
154139
151940
295176
761439

897373

430668
871522
385602
146689
159935

118139


691347



809038

88905
904634
856603
218074
3779

887851
628364
929261

110884
111569
165290
545923
205163

428190


458401


736172




798063

349587
798537
947752
368354
788735
477471
721545
708731
36824
726507
200024

246954
386689
47486
953438
384922


824060
692078
201301


997831
196860
768298
335862
731489
257375
274451

829768
130668
646842
325397
981065
906032
299539
337135
528761
189858


725608

664518

405734

6751
343960

644090
208194
769829


449044


780305
75224
270241
8517
869400
108605
979523

708004



729642

341013
375629

288860

966905

280689

524864
724988
300751
959571
662362
614015
520427
809422
978791
992751
956602
368119

103684
927972

251901
831715

227751
172427

798687
964158


565685

696439
934952
138421
688212

203793


375523
431763

945315

966488
194005

249119
371685
344602
152321



875979
99088

302735
889859
437671

707703
131721
721462
867082
284007

399836
726027
605480
190049

874942

112347

91195
553852
987043
705223

322036
359335

996531
332909
342098
713757
921457


376734

398740

475235
512263

382728
237819

582432

227111


142278
421650

534834
569974
516598
237753
922925
395943
504779
899374
522961
514834

782081

385113

549108
717681
529365
171675
404398
455826
862193
405927

841807
422479
60171
813608
834964
515553
899488
674383
838680
913073

943281
519142

848626
183006
360859
602753
153886
156255

390764
214346
167802

741252
941585
207144

837392
661139
690205
982129
933808

639675

158725
472342
6240
921937
117101
150906
870789
281469

987802
697548

708350

935369
569913
353807
969934

807109
496299
854086

570995

196560
984763
575493
921108
831410
631250
668581

21640
933831
817500



747512

136577
593260

731294
118317

653710
903380

693453
867740
462590
399240
363769

936550
490357
160171


815106
596605
104479


103735

313049
212866
430416
529757
5973

6656
609720
636485
13710
975995
865824
546682
712992
908854
563841
300996

640839
141537
726286
685849
190268
670441

771081



995885
479721
50611

472494
247527

717268

118029
493933

27306
211523

250277
844995
33096
853312
826693
817348
147579
26147
361417
589493
699593
631559
294459
111154

966805
717498
651365
395540
90897

904228
282009
586099


263127


288589


51400
9313
26738



983272

759076
772799
731244
453703
466489
714824

989641

143270
958951
274597
668643
593681
390985
247515
650700
451129
77990
461320
752112
419824
590437
12469


412672


560393
5232

487265
80111
202527
361122

891132
492509
750283

900994


389355



247949
293305

248379
773732
998634
904864

937191
868173
958040
507402
694794
779057
608635
378704
713152
550326




234877

371209
72342


414404
810694

261149
546733


953966
456839

35214

256702
325270
106936
929190

270509
74416
111729
245947
941815
896689
921341
199352
907306
446125
547464

960892
494708
183514
731926

600960

555465

608150
228521
839552
969676
770979


570414
659105
982010
497488
826377
741723


368903
100689
511788
662368

189860
529423
75332
883042
919552
296492
482748




224624
413677
925843
195250
495845
860715

416044


138945
458386

92438

968765
128848

708296

258177
423445
820519
91656
893551
303836

353948
819972



475175
445309
439834


331347
177451
190595
287647
706593
281663
479144
245392
62029

284001
23719

223370
251185
23564
204349

736021
347318
39795
112419
592735
881064
603309
477525
133730
545900

481354
4340
113870
776595
900190
372852
193430

546175

573235
140716
826488
70575

284463
614134
482997
460006
118473


92599
377911


402288
946881
544466


619827
649762


294678
387708

255136
690103
467747
22115




978004
304697
193215
409195

575069

69653
861964
228414
331379
601512
520050
353921

677527
202998
722993
74260
481376
760068
367460


42110
411000

978901


973794
813639

77282
105189
809482
915199
497576
559959
549425
202796
114719
730550
482817

967866
332118
466152


975009

571570

801984

545056

986042
444646
26516
101337
543703
28579

811539
242710
576840


75556

638558

525081

501245
540721

485099
620424
960427

629578
36123


702622
631389
113167


136155
101863
637553
29783

722959
208487
779221
831664
401975

710901
917062
600388

282986
113930

592948
577326



315249
219171
610903

341172

937118
673154
927390
364133
81836
862354
91673

991285
385363


627850
537334


728660







959785

1734
457704

631858
563434
361330


914634

607293
885886
408732

676608
250605
321849
712549




396549
433270

1556
155438

187905

773881

60142
466213

756507

291263

948386

583355
707883


379419
657269
455322
981108
102254
614154

882455
133290
689247
299516
848041
992931
872215

461632
502719
291340
895365
445642
886341
205953
581198
133586
72579
650910

395219


121439
142780
715299


586959
368531

587457

996058
864797
493963
106601
303017
365963

825207
614398
634696

644025
406225
47577
25173
245522
586656
505359



643839
112498
262707

945475

34181

333789
215138

864906

675650
690828
705517
391583
865219


96235
240352

827946
178664
271017

730212



940892
256449

946402
205358

433894
693123
519569
12776
877396
732880
970421
492150

141579

15751
251755
205527
479060
304176
923843
254454
518662
343994


620256
145591

773398
4842

759503

325855
344891

1022

246810
633259
592275


692918
649483




790340
354629


98849

710400
80901
164743
713720
661852
34455
450029

426723
113385
580378
781357
654542
809468
100832
770423
548890

474995

468382
304022
439976
958742
849895

903949

129365
886373
461375
163342
292657


846352

658401
728576
154324
265337
492956

584670
640984
103206
888119
444415
191256
762317

122823


278602


600215
506686
156178
915823

929197
936694
146662
152784
578786


422786
911324
97801
289929
259260


32866
759352
763733

718273
89594


290354
639963
779120
472486
340068
50250
62234
587163
12323

47227
596796
200555
379051

181501
575100
696770
689615


371335

785970
809922
401920

433468






545
356170
979139
197750
231485
87467
338974
512373
318155
291574


880511
723864
165333
992427
793990


477883
621722
564703
162417
382463
848101



796337
910171
427736
224880


405610
834890
592501
833464

287522


273395
540512
109727

307554

424828
823572
707532



589178
708014
343591
934635
223204
381376
162504
413484


944242
605088

510192
725075

115575



619782

86730
347733

529342
462255
332757

657247

310280
62753

236730
152157


365855

500917
431833
304239
99274



600302
747197

655579


23738
793978

426319


191919
254719
648464
554985
774992

496569

236548
858541
81795


358252



676368
797294
957337
319121
613699
33222

597382
78853
237576
276662
370313
793851
299247
734245
378802
323542
51851

390088
145720
277715
848141
397500
16711
67216
263186
780535



407366
858640

295724

130551


641705

264131

382485
513203
44627
198702

120651
875007
648467

946992
288647
313634

26038
600837
559767

540821
143902
799876
198912
870133
701308

475920
257011
88540
211590

281444
526349
927149
18747
374385
742761
427788
264133

751397
477424

971604


430709

708200

169629
607955

283257

795613
678764
475554

351766

954217
178016



346718
792444



532121

832651
217649
381909
543183


803975
515240
720998
216701
643988
414770
334589
777386
156384

345507

383490
80325
923063
324635
539779
367086

593814

943394
893818



738082
813270


787496
420594
172046

208915
480939
257821
659937
513636
719167
157032
970153

576872
856974
927155

980746

574516
312546



13688

683357
202102

719166
90205
419905
356370

795193

14254
775243
911383
753404

272276
99391
15065
80967

356024
38906
602532
147153

680642

575902
391423
719830
225507
222287
355129
109134
693431
16544
64681
618213
657342
35214
440870

325731
628655
249513
661693



317131

813237
258975
365145

204620
222696
318879
618313
277232
362829
945539
68443




248974
457690

988790

664153
795601


239092
237584


440541
509998

620342


120440
862776
309367
86610

350118
881021
554591
254153

747535
52386
407589
839176

375218
19639
849344
439089

228636

566064
81431
536359

3308
910908
554098

475497
719745
16027

693717
437479
541503





777641

680078
398928
83109
176665

692873
490993
155717
973427

16734

845537
982746
660646
511419
796711
619525
322922

315769


75834

335660
241164
153931
785023
870792
583668
652053
847087
425025
435834

638800
204943
543135
464265
626985
956498
127288

522629
751356
518362



414498
912051


574523

345865
249367

565766
440424
989836
427390
554985
735013
565043

577983

843005


754055
554068
730932
835211

998508
246194


639618

92678
514620
476639
266882
902186
516045
542675
596772
343932
118663
618226
320982
570207
652016



828559
521253
49682
156515
720174
943804
924244

293027
490469
136374
397599
414667





858493

184310

753017
641194
657876

632057
380539

803362
374392
333497

204558
372584
120371

989322

440437
2875

309948
158875
876920
351151
316737

229162
96474
613312
696538
552871
694880
924815
934337
382178

712637


449926
249976





776636

335072
612364
83895
261205
50445
650455

859752
633887
446698
115927
66257

649676
169536

775982
160382

716869
32625

601417
343694
391690
313413

933248
718089
780085
205416

166067
850039
675620



466367
894900
587900

923851
63049
161239
610180
610591
188392
470485
843318


985016
14581


145152
32504

219774
338192
65521
449273

325827
384683
193562
212926
883568


955404


665158
371539
786421
734142
524333


803740
632866
283857


883454


88133
581546

374397
702191
824194
563655



550557
886312
325938
771806
376288
191087

557402

298081

261240
860206
50417
182034
156065
887633
390195
626874
833281


325361

575200
661905
360188
917465
369669
463806
336515
424323

977985
790050
80045
151198

765510




674453

642603

141313
116481
801202
860924
847473


528335
927042

815220
136927
579062
611824


505587



720415
229571
688577
323879
53744

411630
326834
4078
422085
484346


634440
372339
554945
235799
536707
186920
787816
161136
922475
949943

244426
261643



821366
602894
929688
57355
640196
504611

385117
981526

711555
337706
872245

480621
553589
360536

893299

869017
630390

62915

371526
376502
418913
896285
21716


776945
460626

897105
876154

344304
569893
699996
238455
617512
183613



76627




829439


941160

844126
248858

720673
801449
87645
624047
571349
760228

470634
525208

799599

815239
113043
73976


453602

903147

301827
787557
780918
90823
385736

645690
256114
800595
96940
56914
547680
93810
835822

549897

209311

70581
246551
296534
625585


678848

478982
712951

839607
250972
855004
673775
279232
915737
641194
152247


30600
628966
197418

825975
601814
850049

189260
686089
117646
413271


316529
679461

354808
217926
226980
749183
521531
625894
379467
807139
873024
993326
773795
37996
544629

532250




383822




980534
34107
889608

355855

331481
648487
375075
913587
75478
361061

765193

813712
445539

442695
783498
135671




795688

632476
923029


231000

819281
696742
333700
24356
735308
609316

215516

957520

653750
723178
681137

196455

103441
775344
927987

508553


435534
506173
731642

706989

609956
517346
484681

763946


147246
947886
702266
438412
106715
562990

994829
103957
52856
941704
736962

664743
21556
509628

46320
328700
270886
309115
984642

430466
206445
124995
102764
947630
270935
195701

702086
840570
37793
263023

841308
126665

984955


310830
145283
871719

486491

659487
688290
624384

342508
758149

861172

847770
664088
619906


251709
839537
790009
150697
903222

889765
376081


8302

500468







659948
84897
268507
309897
501065



930155
641926




682676
287205

833425
445071

944784
6987
547628

272850
747605
157809




902643
307048
535472

35016
996898
948386


71560

105301


57724
399488
655408

228486
751771
572584
258633
271709
933182
944740
954914
398553
32711

607621
289459
296697
593747
627989
947667
785033
340966
660881
218813
473041
650367
459214

784841

784037
987252
338901
60805
135419
607481
520068
269498


745229
929635
175355
359865
900813
622166


622179
952347
323933
84458
829224
514948
546809
165130

757337

783213
392909

83214

644603

313989

143675

24423

930301
95613
95012
338392
738777
214168

505477
242114
286000
101211
432080
747537
782271


690161

740964

394055
921048
783793
50182



846150
948680

742552
747773
471275
645748
42581

647605
954340
551440
962667
355198



332157
110166


889420
170653
347048

668223
105325

877276
366172


627648

286327

912110
202949
569763



374050

52911
431552
717077
893935
585598
925701
91515


217506
205336

838761
71736
495646
373073
102
129836
538632

665693
20102
316096
727810
223134
387212

258783

35378
715452
648504
494591

52650
878148
331363

524701
28136

208452

830334
850981

817319
939534
250319

205388
804067

220923

148366
371408
78451

946283
384603
421777


73451
774150

145726


444954
197347
893887
585884

354653
889877
818770
425874

425864



467449
603179

759237
426002
903105
424804
56785
278866
940953
971959

970259

571207
30476
241490

302500
453787

685279
851062
554919
18844
213573

762287
322216
256101
490581

207141
444508
774328

432350
436135
718064
363223

484341

886363

526253
173819
450248
629891
644368
684912
53824
137225

816787
995054

196427
824995
593431
33089
330975
714474


63101
67921
577552
421473

976709
84461
775540
828494
153337
464615
813951
296738

124247
929732

883534
988183
619931
605472

67092
949062

991732
522406

719208

181534
713270

493448
962528
820383
762682
753662
452359
739782
921270
193745
207215



529921
575661
415458
774954

516131
80870
277410
203966
796326
838994

732775


734092
908311


994801
167478
542516
440395
139196
177792
42513

793527
898039
997529
638147
255163




157807
6825
276153
739056
68368

106086
1772

503075

652925
928005
228152
74890
722983
401371
203019
554342
221166

304618
781290

376591
117287
644063
83009

567447
64017


911764
589561


176147

50975
924735


883054

475967

843777
103051


964220
602905
189202

645094

360304
783556

970841
690086


265468
286299
84430
98370
592445
607808
842781

814622
919262
567451
676394
30518

563732
864317

900961
599256
565112
472157
215222
759176
319882


405279

527840
643972

452147

665438
567503
180182
785986
319625
50857

268970
21092
608160
811049




686255

721967
545554
356925
109158

896475
765648

761508
397806
19091
353362
301174
420277
16227
811365
341372
792715
507982


717905
514069
209741
771815
134067
657725
431809
361503
668544
725795
859064
219995

371502
423373
663763


944217
454822
408200
54919
896846
514520

6839
9487
330063




815811
868631
933912

442618


617633
633918



885306
107072

811047
60482
669800

393481

5489

937318
212617
268927
788498

358803
906287
891303
513462
481096
833901
865681
347000
449403
848523
358803
449374
417263
525737
243269
252273
811070
58317
758031
729916
260430
731760
48115

29850
338145


69393
837626



449034
190986
845862
931074
379001
612756

703249
677085


129111

251800
902053

490482
204507
7766

534171
318373
974097
20988
694299
739927
428234
316230
499279


599015
903953

725702
60994
14032
641086
300444
232751


575423

596841

563255
416009
28342
285003
271781
637370


80264
374618
343426
695502
799257

912641
995618

333779
146208

916352

869576
503802
349313
507947


508036
546935
960284
423938
111455
172198
339607
413422

987148
600948

981784
823097



766031
610445
5212
18562

945686
34767
775841

508790

325996

197902
167045
894353
32422
164292
865341
485056
976773

425622

530459
995462
166846

215039



225856
755318
306951
560667
239439




438614
55688
57030
948228
224422
361540
966743
482650


550524

226952

791815
675172
896412
765697
75283

139812



762956

199188
626530
307539
340092
386162
345474
783182
890702
574289
574551

660999
273995
448927
989036
579758

780746
595783
268796

459706
798243
797064

716568
114401
778409

625613

835456


831423


367176

877224
893104
294742
745305
519990
622441
367341

940471
262281

170735
474976
746245
783636
459197

643631

520866
789933
729693


963419

992556
873397
218150
928111

248391
335252

124829
141441


174201
56231

228589
731787
172978
248602

585069
38908
761820
581165
286586
684769
665893
41638
625685

45591

158507

37653

622926

330770
363126
831958
204819


175431
602589
235209
184506
316745
362713

434126
155942
825209
609414
342653

173973
802635
311842
78803
465478
847121
271781
803051
134380
120815


393266
67475
50069
881818

804962
765691
618794

55026
113935

351334


775276
176044
535869



431884
35861
872809
593983

759521
534953

214481

456605
131986

675709

211632

281928
963055
258611
244559
533570



475436

97524
307782

797331
857297
387784
178541
940904
749638
302789
695525
326708

182693
524859

298816
352427
603344

218885

616311

806750
832055

568214

537400
712857
674387
851675
353752
898744
101521
267313
696172
891895

821970
226007
458456
332860
531129
94097


954884
724523
180079
740770
499299
611406
403543

89447
816623
830827
960904
852403
594738
754120
210585

220293
564065
190473

129130
441592



732995
765622
250111
193764
928790
802123
74138
454181
826507
754550
400193

637496
388278
383935
304109
992085

549669
760156
406212
674169
93853
558991
278988
14897
406665
378949
11936
576968
245819
86668

402228
226953
749523
782206

72005
767503
74273
976566


595820
918655
313643
156580

468252
881676
895809

869628
46240
460999

614028
251522
702356
212980
610519

162706
123549
315289


965655
458315


953174

770235
364428
325544
465999

424734

798265
880629


820471
18481
850436
859612
657253


673853




202909
751915
652517

348211
501860
788237
488898
922959



829373
755759
790122
78082
751567

270776

857393
826238
73788
114205
852826
715117
327977

95256
953618
480528
21241
914817



453696
385566
56482

601465

259613
835315
475076
194792
77428
554309
411861

30630
362830


527424
780185
321535
173521
464476
77848
716309
73274
356810
5618

341038

429883
566078
397273
757760


932346
775855
682640
408795
587750
927671
603342
197773

635904

680830
360201
92244

564248

846293
786741

581646
186503


812892
879953
32620

212890
811246
565472

784494
208225
540054

875957

689327
902719
183519
621516

536547
900091
647587
710399
342636
246549
289884
340578
421408
388707

41550

847972
805248
759603
581439

560432
881419

756801
678797


581581

269003
341661

523516


789886
849263
696732

636352
508943
718899
2451
882006
165487

504555
13792
963920
546342
41851



71144




298946

876168
136702
173478

135033
377973
402676


525333
357664
92892

819730
452901
864046
124203
396776
671727
211404


727610
118220

588910
776239

463770
627062
474015
389552

869866

889451
463526
419827
905815

999611


31130

405814

337567
155560
363290
787001
105285
570382
628450
602105
923535

546636
446213
88072
491625


671395

280311

542673

907970
337635

464834


434076
205800
811405
817239
678258
549317
576006



427450

860990
288924
774404
989467
6685
68647
690746


158948
241741
311960

63193



852457

836654
598157

788771
941685
283278
623751
903355
478120
737130
628344

961010
416763
311987
552555
914486
488347
147139
120923

796093
780991
526286
957416
730038
965365


255972
421687
997893

374394
226108
246054
694496
750494
62968
534185

62717
627978
978907
622831
318339
477492
830099
93350
594723
354420
52663
685555

125821

335936
10568

905148
496377
474548
232222
865192
283809
682029
909572

836513
200132
359225


190455

254077

954350
723772
484117
886435

50371

184208
752695
376726
520268

184689
511134



948955
642491
778532
543204
735615
391345
439518
732869

104341
970772

235694

640212
23043
272818
300708


592519
864389
79116
831652
892636
663989
952975
505973
946892
58050

375038

102581

245066
821022
479028
241818
872812

622968
375686
453616
384776
319363
726640

396317

737299


601650
346511
61494

608203
397019
527176
985389

585026
975280
379339
138421
863809
202865
757447
584156
86908
764871
496361
605405
441750
620288
290556
662302
636555

403427
648352
413268
658763
608073
966370
516112
491476

297564


388987
282224
420146
235157
429536
680643

246049
79377
433676
455483
703153

286160
684547





256947

78351
828581
431816

283422
405985
151795

978119
851603
713930
366558
495278
539753



227554
449865
739308
503895
601914
182214
936436

103556
976139

723245
489242
316868
323237
660196


665212
789289
622119


780349
214788
642348

31497
361753
695108

87716


114665

844034
700535
607677

818380
59328
62901
575823
488840
995659
664525
778990
768350

384407
232172

65079
793261
827381
11071
182391
386408
341003

851436
780091
612599
697574
272973

326563

674386

665443
747360

788540
617386
607919
424646

734812
3708

561765
800467
718893
265837
438839
822508
969578
769739

957655
666697
112906
942159
309698
392291
131677
15246
13038



796528

325236
771762
652227

283868


785848

329546
15038
900096

174647


323873


767662
724849
459985
85877

413555
100183


94392


393734
331503


837075

200836
632635
422136
286296
90338
277003


548261
240544
68425
653466
880539
286396
913837
644635
76013

13541
731091
850575
956164
260640

807589


539992
849044


591205

398146
857101
649213
462164

334604
484406

662507
947433
731368
803367

921906
513357
271333

95085
39863
739366
263008

337873

631402
200651
598035




933537

716234
524773
192328
795381

178561
169585


204343
507457
820423
814777
419926
800811
454209
224432
794995
553299
805368
271806
953139
914507
769088
18427
507023
380827
830488

539242
163678

475918
766759
70756
997371
384082


247577

433124
38449
599633
215284

611463
384238

817776


134271
750460

347673

981994
340313
394023
493423
794618
939361
784034
893804
633628
21556






195975
567886
200691

52554
200992

300262
606291


920351
237165
491540

760429
617040
820566

587702
985741
439182

89910
928859
82674

194593
13124
167943

744367

684938
689739
461724

63941
438998






186432
368529
357529
965395
89331



344740
66450
616576
6302
957716
553896


67674
978024
853291
411900

133357
747827
600382
59133
889162
733675
522956

85043
138285
899619


840392



681180

628108

457149


625083

947241

360292
491211
778125

255947




52432
749885
558185

593515
108407
479618
686387
1390


289092
362835
191888
994341

378526


823132


392212
754013
509726
390286
730974

83749
518841
368826


930648

44579
37182
131202

656476
756197
584153
419530

795232
829591
535206

876407
732449


166173
919916

607438



812401
476131
636468
798453

417221
904889

373156
636515

350514
144262

365614

863361
617933
875788


411271
926361

405378
778817
325406

774371

654555
541085
704781
411367
236029
160863
865686
149165
180049
792379

410225

625091
493657
392995
192866
963480
868340


199380
744318

372275
581035

585672
397375
951754
89950

763170

268163
183418
491417
823722
698400

475137
862295
539861

860910
639239
436344
85018



683777
933479
337226
262638
627829
675839
119329
769975

679834

524941
850991
184841


378122
939700
816975
378065
126882
312818
621412

925471
820596
478731
834782
547073



111232
679980
102076
996121
51080
239527
951712
810591


850714
240108
92355
650147
540481
558706
342512

471163

110163
114502


817939
734528
770589
286593
768741
542079
614649

373836



326239

564215

819608

144723
688188
354317
776509


30547
698728



102628


397975
934478

641415
588760
239777
211194




521223

687041

510358

649026
719762

634184
65379

674218
260062
547714


20652
825185

93728

448855
211230



51170
9617
642968
957659

972310
532516
621528
391619


386718
545736
748425
54577

788910
124724
799163



434826
992281
591164


481842


408553

803011
619418
226069
762387
946960
697056
936301

816751
266658



665422
283269
194949
586350
954972

940954

594078
233598
940213

95214

75170
521597
351625
700741


522928
725912
349263

526051


740555

287325

793994

397274
772410
749751
913817
24975
271341

11063
796117
493066

204283
972668

888531
541110
808605
301381
867082
922525
885232
277327
185565
317513
924665
883213
21572

775291

596086
493564
896928

69425
56461
989861

149931
290074



93998
543171
603190
715728
527012
645888

325525

86498
484710
103180
155046

307652
52665
850529
872406
441557

31052
383289
134881
526329
175700

398744

32003

911495

748449
580653
378970
468444
696134


304523



163064


423411


651676
586137
740937
480839

795399
654719


522056


171433
32744

425707
920250
394091


177126
549193
480094
835113
786832
258402
474506
864147
156948
623841
734855
571661
382277
160598

761359
891315


797262
529355
656585
859126
854679
442662

96446
909046

576657
219705
539517
924741

273772

969630
229034

499424
107211
517282

828298

171648
69684


769375
871191
622774
29055
163631

886929

719215
828999

625397
913484
447269

950117

968452
147707

431443
232973

948456
183000
931671
640286
608797
184157
685899
796883
685224
571173
221034
304574
593326

639580
775872

197286
391118
79674
436321

411106

205545
288987

342732
722291
400363
372473

607191
999077
461672
964619
371151
279577

963856
479389
855678
484707
734518
896242


163731
423839
524922
682517
548942
511805

634590
770078


904021
294537
247317

718197
676095
370850
346559

313811


694766

431182
898536
394798
714153
913844


289563
926002
475160
346535
791084
674825
21714
467869
227842

951151
198293
396655

645004

529817
15453
611020
374040
131757
569033
668910
753415

918586

368719
553476
382808

924254

362597
181084


756522

679574
520791
835943
924430


480672

145804
729620

806942


85447

136758


888706
273930
33226
257556

656611
215858
569869

673592
520882
47439

442978

663467
195035
846672

719759
188679



881546
371705

243579
937487

159377
146752
87709
160010
970702
456970


394233
967403
636917
296597

854498
630382

341038
882091
980889
89432
906411


714473


168568
918052
465344
803085

91869
970438

166033



634046
498935
11271

573498


631761


911147


686089
775436
61030
788630
705369
852657
852710
500675
864353
985159

879395
779530
165702
216401

814832
76750
763201
798916
435033

870127
810103
329105
865985

65197
371808

17902


266028
81411
17523
257563
151079

71372
162141
686428
8966

813098
939856
753448
593631
641028
385760
742039
382518


319910


166040

266387

934856



845549




336219


558204
304843
332768
570599
68335
282718


740495

436048

48212

223308
377775
105769
890993
603252
211021
142398
795207
319986

920832
53335
957406


652375

539297
725385
461498
377136
633778
968226

25490
921071
954087
691072
410765
85368
753324
493585
492430

988707
406323
169860
125186
283061
974673
82505
758021
151139
919779

824903

430083

549010
385071
634229
827344

905852
35840
467384
393005



96274
883189
290593
297493

838497


782799
176719
205993
773300
921916
63004
478648
346717
217950
96236

640787
102225
175763


165526

531182

937010
823170
869147
3543

928220

617377

459148



544044
856029
999529
903412


272452


980497
206733
591137

953738
208221

394005
535822

535874

990829

735028

76
663618
90238
613810

963257

691708
611392
628784
734794

520941

106907

851227
881727
900761
989949
393427
386144
391595

397559


222859
501163
275279

450201
121726
244427
4638
230079
810694
889682

967153


267622
781830
480310

661526
189291
196744
172382
357953

732802





618295

279655
48122
395650

117989
174771

560462

117360
598587


681116
16337
133237
122817
856007
47127
496633
551838

192406
463420
655327

813966
738584
295252
243969
148693
8291

366063
46792


289497
465002
824979
333366

877823

659090
170700
865890
292581
1550
364634
826707
265410
380589

530017
752488
931682
46461



927551

779314




622332
224641


459071
755986

632799

625027
607442
297142
697048
631482

476281
490960
718274
581742


506869
957500
70943
621176


38299
368431

337983
618034
226112

700212
668485

145529
277949




868524
932229
55410
885356
583711



729587
182466
874752
115300
556585
959212


941316



640198
809923
844786
16463
687253
602826
905545
658993

729118

793837
384455


666567
792217
275779
170608

931925

985125

334613
635628

728835
760790
628355
226423
809067
4643
356174
869361

367801
620306

634808
413655
532906

163049
346526

350474
49618
33329

388387

117698

355683


139794
915386
645911

611875


469312
123018
737789


149643
614339
317725
344933

410833


656569

261377
922214
23406




840688
636919



7478

65302

653336
83744
224451

624577



980585

548716

193552
990762

676387
892192
717022
600815
480596

447450
598677
456344
355467
834175
368971
107700
634461
85047
830622
338714

781958
297165
114969


755090
274727
485914
394620
311134
956747



575627
31931

74145

652852
127796
175652
186617
816700
870049

721897
459887

794741
215424

213857

992100
721287
357030

817205
775828
575171

927761

527964
891656

351558
809280
734098

234845
318387
988306
780936
534690
94976

630010
479084
605124
396852
972185
404972
554932

209929
5117
813882

456613
703528
5691
607400
50043
533195
237028



424722

4798



464265

700361

642902
171984
827021



800992
469244


688319
805272


472660



397556
383043
304638
869281
484629
24640


69172
487794
95007

577220
711201

728217

694717
874123
307277

400018
534245
697367
18688
831222
475375


955265
461610
572847
380701
235610
459746
583719
500237
926532


57980
300642
355639
204994


792347
604856




264071


842705
527156
159466
574417

385169
498106
524862

933524
657789
632137


204646
574631
591945
453079


816382

924330

388381
161814
290361
263216

395095
114524

585647
769080

579825
78334

607538
561029



980379
753204
169079
531702

878241

462635
268596
931298
70615
798844
8734
438006

335804
186818
274001

738516
642920
75057
301168
638159

156502

651364
314558
588828
117601

843807

601921
42514
79186

163992
41822
322307
863639


288671
18604

898793
55494

411593
818284
372459
963290
118809
425010


378556
414622
438061
322142
413819
972431

678413
417481
69416


670368
9495
854736
69198
994168
262247
197142
904057

61507

343993


300871
191830

885211
400040
376690
81196
20317
550514
709303
176451
851796
177001
150734
220051


550041
864102
999640

123098
9800

156129
550545
335865
495135
763295
760041
731954

566627

455331
944288
294228
514706
880292
209425

997657
237578
272316
565125
701703

408125


327677
557151
332612
296874
809410
122219





626770

761550
597317
945682
783578
366622

250937
680803
897085
535839
526673

331769
562161
35127
686895

943228
644959

892755
690641
582511
427478

412471
162246
111239
332581

827354
321155

892131
206791
254532
281914


84060
312965
872242
654934
395749

454895
685878
834052
14442
128895
140463
945242
573707
259964
383697
768893
991628
668303
147184
575927

839725
39900
181376
527734
649014
426396


750512
539214
709668
232914
12049
895998

605430
464299
192037
106068

400312


226068
269745
19616

792802
95066
503098
954149
393633
352903
629721
462784

393703
653246
563571
50845

233862



730711
891868
601527
915054
204077


329692




906106
724929
503937
51225
417877
84247
379337
229602
799932
140987
885651
997677
184153
668876
945933
245988
347949
231628
73915
997414
96189


353874
359051
524524
438751
194091
367622

780768
784254
17960

561752
780638

493937
688990
707890


140470
578082


167453
184220
677551
964587
426335
112308

577320



183951
902842

108041

368111

878865
608739


442756
151206

916409
589802
392746
48911

484537

875813
33907


362099
158548
35005

959282


198288
74239
768914
952795


382220
33724
276852

338480
727005

906358
356332
589653


119281
163522

460124
549553

254809
418710
537749
28288
193770

238656
110529
139183
423674
848249

605108
88708

910616
308542
106331
550571
557662

827856
967583
114990
421061
730643
891258


125069
739527
238501
899153
398108
608821
683979
287229
496065
307154


706735

585875
724131
346653
476456

689907
333294
922971

554553


358616
379196
875709
780148
187672

508543



365130
277828

501578
582730


685092
646423
806391

565087

603932

327889


378108
928972
413281
691122
840102
837860
743086
628601
893346

864181
106895
287164
773394
466411
676591
638676



603452
911431

590755
758078

903989
399737
125797

711981
152293
725999

66739

689051
679052
45296
851371
169981
803615
957824


287564
582443
142878

722466
560024
399294
624910

282795
376618

728093

681699

593771
961004
194581


215928

64658
976895
807734
466831
541804
369773
623950


611506

537233
156554
527999
637920
19523


617935


326522
493667


599424
11835
921593

763865



677991
988535
335847
815173

733980

104916
956866

953495
994940
144254




423854

265773
148086
237415
509485
98003
42703
348454
47398
154633
804556
666015

964703
349494
316695



571178
683842
484032


886672
285366
294251
293060
570880
559666
965507
35353



661771
260258
648415

544295
679996
566660
81121
882654
183885




975457
691675
738355
532678
916409
394922
612733
364859
944528
153692
409529
441067

614868
877240
954237
125611
95829
282171
479384
368805
76307
869573
666040

582053

438197


834755
641979
685842
280869
350418
50150

220037
460545

313324



639640

651350

743482

199413


777073



779847
164721
399735

837
716604
826999
655128
506977

54804
129612
186360
128480

717127
332169


806016


847398
226723
132448
480279


149593
58609
232764

559860
873977
395618
62828

342698
243212
653243
543778

194073
809739
617869

4936
890665
868561
741115

595859
467971
688006


280958

931582
285889
172159
705658
170559
640592

949785
527588
706652

251153
42141




225620
912259
352193



5752
994580
956675
300695
304031
252792
729743
488509
911519
339317


823800
16033
548381

462503
914424




95014
293427
740342
502570
496948
655789
706102
379996


685250


18484
797213
70505
730516


998536
655062
158883

20242
262237



767998

572063
316238
458662
84142
657174
744846
803939

663476
634464
795360
974342
157941

954454

547836
583997
821388
265250
957460

354943
501580

774696

632915
571207
292187

45847
817263
794510

388262
387018
477416

239470
463203

6736


457546

427824


890236
468193
425459

397536


10155
687261
331550
657337
324066

658170

34212

957027
547202
114087

159260
556367

843315
700133
434173
609623


867716
272806
458307
978704

596149
100190
153645

263434


37434
772377

459692
831900


297178
584488

291316
225374
73778

272903
739659
592345

205976
180918


93143
429743
497926
637627


403108
429841
715788
961769
893524
954534
560028
742668
301919


256994
511352

427004

711168
759877
487224
943656
852362
595994

902172
73758
763643
187179
926643
197398
96215

138312
419344
509992
723857


286752

834471
703015

869651
485162
961820
500372
901424


732856
624699
775275
796194

44474
593549

180044
685524
648838
552754
968012
72638
918282
948940
327214

928911
831831
146998









830907

819537
643544


482743

411582
795390
649793
486368

108884
605750
89433

132702



830751
154642

630786
29991
244278
302542
517128

257916
640313
140923
344404

472913

456901

465311
990550

681008
717797

508106
564248
760906
472306

953388
979207
889344


330710
935695



282829

648474

565690
609667
275571
699077
44795

805920
984724
154123
745321
267648
95867

552217
373777
129165

996171
370151

382327

111565

963539


806980
567156
519336
780903

522235

423286
223021

425104

578512

188744
439669



483317
734396
671989

431135
819361
929058
437335
372905

380021
273218


253008
871598
88421
771190

118307
172850
688516
87012
27320

477987
653871
267353
390653


178582

539955
744567
39241
334189
212047



187615
65516

630758
975266

992046

50472
174129
317843
44909
133469
408131
989572
520497
311451
931536
751463
300338
947314
862990
581148
542963

71426
749376
998220
