578459
224947
987695
155072

536314
457004
622550
604649
448909
564566
795320


669160


736258
248113

400715
194751
958942
75331
99917

605210


195803

626459
262804

956718
769675
695218
278628

492570

243388

315296
473868
187653
86841
995441

293260
244165
118816

694336

951313



92705
213784
964487
115364
262523

74382
974565

336780

369284
97810
927196
140438
879201
577480
72796
435124
965273

50144

502868


653126
401336
773809
957945


864090
38636
432650

567628
633477
401025


610950
830679

115675

762

57483
950667
489324
919553
716995
140852

136566
962458
302390
858077

388295

173431
198037



213475

354033
545097


499891
420287

734022

805119

588027


7209
539663



255996
590836
872361
469509
502806
501013
266974

229867

856652
497773

379834
115939
736059
950383

173818
976119

688632
263666
772290
875410
629427


342757
308268
245102
416309



640471
546701
584010
571637
579485

893448
278195
971227
837518

1630
36224
742139


780229

619651
374847
674925


591139



830052
913043

509725
666992
796880
806589
707527
786291


707600
685832
802625
684727

736271
742542
419799
22793
286235
374647
939025
405690
152319
111057
773900


167789
269057
103819


344955

385315
477580

711859

565011
567693

504694
666316



137800
754428
662697
44236
724524


118302
456221
944099
577939

247370
847263
411807
923383
24642
174102
433455
809776
350619
380787
982902
609356
962003

428183
169328
725993
41695



970299
394145
557133
24955
555320
199301
450496
532962
699498

286538
309017





827662

280258


226614
318679
955374
339383

746373

83594
995730
58984
586630
775793
879769
492075


428235
313310

870011

705589
993944

676704

57535

786389
944717
476123

146716
402321
912675


21834

319646
173129
300363
771305
244140

196268
318839
770957


993573
981611
541075
976194

823465

314939
99253
150984

442770
763494
92454
414480
948019

819300
992416
488989

640158
578438

275480

6506
758854
330871
598996

881671
920020
648780
153675

953428



150055
416291




159340
916892
599631
447181

809184

451887

846070
842785
310314

195004
375178
364562
726764
780915
350140

653086
285654
915481

995149
325019

834141
937392
554708
346566
554354
257712

250707
614578
186446
399120
389601
85588
353319

756890

199129

491701
667747
945539

827511
457644

826106
296694
148241

299951
52435

970051
340843
775598

682926
688353
872486
51492
203382
982759
495286
224454
324461
689060
168297


807636
31154

585543
170333
904628
558373
934017
925193
973482
162077
591908
263535
895470
606485
299430
740826
820244
412290
48310

417399

902372

415525


855685
767

52627
160294
190960
677802
846739
470401
596354
576487
405195

939301
473796
906828
697308
19611

639693

347065

885691
668344
810186
238449
410295
540821
891161
933456

320151
380633
893374

758607

364330
700593
137517
925047
866541
717125

331776
641067

794899
900888
567765
898109

517075

955544

133059
574983
520017
335054

319275
147268
199861
515750
923918

72475

654877
241525

671655
499305
377613

832928
823530




624324

481439
455492



188334

798012

566575
642563
453472

427318




777751
475855
516038
417221
504378
675012


115356
722126
322428
764274



994422


430959
26552
182477
647721


206393
796966
505485
818484
476205

335552
792757




740188
821325





789965
363942
614134



866345
912746

673239
176980

44362
958050

174874


127928
823020
121698
56208
838337
629356
361610

202886




588550

948648
878810

975674

810851

475449
483151
502502
923170
526858
998832
999729
849729
423433

322971
167398
528532
169170

99446
409399
572005

452357
640745

909199
320264
245704


634838
101563


587210
877069
94816

636505

568472
496021
35634
995050
167373
119564
459743
159035

658953


479446
328170
502770

696683
646259
994666

972631


966507
576282
950172
206968

823971
925771
559758
698560
184579
158204
440163

432595
472826



228595

301676
131884
306117
563292
73857
663071
188825
735985



825251
976828




401544
532891
907626
728006


802552
112812
54274
317719
472877
671254



459728
592119

475481
383402
788007

328456
593798
632941
319897
404958

888460
78106
445869
710782
557240
480505
302864
633015

87014
722915

842269
993908

39227
522014
674883






542714
892860
719300
721043
791651




36900
547795
261294

243044

269087
947814

49549
842688


19360
932656
3613
446571

964225
215021
270911
968686
407019
120809
92071
677430
409804

378141
748878
992037
647448
336160
772293
578097
334122

564051
363003

848437
324157
926290

746669


403621



373107
893248
511629
418577
927286
666010
113400
622680
533824
545535

576724
508379
880512


554141

96918
569255
165710
34765

872153
110653
446233
289522
605313
857172
415099
565132
978064

778649
618671


926786
46551
638635
607625
740557
153317
498191

796542
297417

405929


143806
661764

703025

583048


923837
796141

539977
370079

619943
832268

361727

61754
199806


347472


110311
451312
237351
607370

564893
994565
431328


566952
231123

727262
126199
10316
939559
799989




756566
829586
493969
627708

760078
726216
751534
765610
28210
284129

488380
656141
752537

110914
442012
169852
508103
258984
165899

643369
994638
231439
335200
49090

641928
905469

907585

760507

811428
96118
923517

294465
870692
196803
530640
589128
689152

962690
477567
918139
8497
72376
666996
290217
247450
953648
930594
130956
884921

988495
702241

605703
390073
71897

340071
971911

97139
582501
778261

186081
676143


726045
150329
515818

322388
378887
378665
314176
348319
41782
596342
933921

674629

830129
375257
917129

87002
653305
904378


460916
348265

238027
47564
398107
528254
412306
233446
659307
208315


113457
121384
426213
551270
840666


214976
266218
167007
118117

298840
867857

542961

636814

942067
791518
171908
930455

649858
547580







691807

356984

725301
789825
306901
287457
43033


110538


549015
949700
164622

475446
729386

20532
607612

155760
301165

662964
110718
677380
605950
574625
486592

515519
176202
369843
187572
314945
70528

153803

56377

802584
746156
505861

545703

516454
16832
331470

9093

228317
498145
374652
438262
600748
581016
632094
207778
821084

458540
167734
286812
361123
815428
827712
19677
799431
835155
960546


184189
19474
20031

20919

418570
705585
8321
212193

512243

106823
409892
164095
330692
10569
925611
373622


214309

977698
382521
563382
823731

518211
72070
367957
233750
414403

308636
73113
119253
688929

192501

948379

402306
395510
274631
584082
364388

361756

911156
535484
463852
79019
530323
86248
591330

582908
689809
400425
911601
499453
869182

460470
485581
665577
391628
970177
791520
355637

808911

521572
663585
648935

549585
684649
186264
596114


105455


281166
642750
140765
618544


934002


561736

217895

915016

567489

232704
352171
933217

77488
66473
650262
642515

635251

388348

567436
630644

555966
228818

114722
23276


62458

217963
327144


294633
621010
530020

963871
804052
863721


19497
113435

918532

901004
855427


954106
465610
788808
655385
954988
146792


583570
807750

12104
537595
945693
830732

871674
800301

375114
853820

732118
489952

625837
631002
369911
591556
572477
753991
721466
466138
23215
980670
238430
814911
304138
468887
350243
720229
708944
526418
664241
865337
480685

516391
131623
430712

160710

207290
740239

713108

439932
882459
955197
548768
278598

373949
40012
391470
607756

51322
301105
539407
550237
307661
440512

266565

610736
725329
771852
742350
592532
930306

668072
125727
594685

199748



979754
385093
196745
661219
904567
288017
601513
434198
238895
307143
780661

676638

197256
806600

408050


371993
79741
135594
261061
298494
640050

800916
860237
323518


177914
210355


996154
323184
178971
262972



147032



513496
320286
861405
603657
770769
118812
396365
232235
919927
318809
68440
790172

603804
911908


419630

6697
590707
488612

62578
231574
995428
592392
29931


423195
136805
396243

407930
499671
941940


550884
469886
561804
139856
842645
307025

957895

499461
574879



941285
867730

879161
543193


128501

977214

821640
588278

816993

275528

195237
620504
565202

647237
782215
587355
50383
489886
613243

312369
407278
865014



699541
309375
231005
631879


384736
277397
871777
96527


852188

489901


30812
920327
630020






347659
951787
908303

7062
16757
277688
16288

552678
873485

117347

502767
594928
520348
312942

298734
942077
874115
450775
675442


606696




104679

744625
477665
60493
834026
211256

333884

969806
157451

934691
150975
298517
572925
99129
391329

850227

651354
305632
453233
588925
403272
169712
828948

741339
913053
359642
92216

22281
415805
267560
62987




756245


427872
935976
963904
254625
691885
174278
867462

379935
145994
986653

895562
170407
463417
510490
967896
251860
831384
525389

58577
826878
405055
164129
580635
423934
563062
275336
915208

221235
942714
766773
807567



908528
759137
15400
589615
449355
181240
431114
181593

804149

587928
212988

372053

637193

626660
310023

75240
741455


685153

532339
17417




830054

494946


340830
643422



866688
164705
514872
847939
415847
324126
727058
726997
941206
179009
711200
895656

458454
12748

80368
533991
484756



447947
78641


638533

616337



547592

111967
576688
677991
459547

150285
805936
427587
738557

217541
905485
700282

418198
910311

471848
36270
897462
845973


956164
791752
593210
18393
230890
576147
789145
934812
945144

45969
898953
987432
410856
993663
500689

986710
497929
833100
521201
397055
79307
50019


979643
604318

947016
427845

498391
51351

536815
713021
380726


606668


150003
717049
341523
536445
179418



495361
65404
694852
697184

601444

172939
104116
349499

386500
761972
116183
856383
213857
521595

662964
855729
533910
36758
63606
158083
130827



85524
43409
89008
101683
968074
630928
607741
970177


842558

217169
18653
847489
794914

504291

255207
134148
456745
876060

455658
580446

860557



185289
272051
890861



863048
864867
648737
486927

400511

987543

454632
707830
261045
873339


325005
731770
595409
445364

373869

489528


466151
261834


987991


993283
99809

117819


6009
531362
138431

241174
144360
517358
140173
955812

93334
470105
858931

22862
733123
187088
452863
314148
418032

277134
292395
46776
606788

41998
914146
467990
50696
843006

358879
216983

500989
321794
420605
413758
633466
264263
513939
302663
128504
59763
567927
756579
126117

469314
50185
47040
847274
778330
422141
821506

739223

875982


887217
747505
668858
956062
289030
884548



462420
50227
869347
784496
521343

917376
583960
803671
721684
694667
389653
568432
51966
315163
13427
1290
692655
542817

97048


191755
17721


743611
257177

390465

154302

213797
521688
8681

542233
481623
696996
528506

499042
844774

393834
977283
138221
644301

807420
856453

49061
31211
700532
518282

336503
125623
836215
245932
39255

16151

773732

705535

235254



660257
299861
341322


928030
781083


941586
271642

437318
605213

243121
835928



700248
51240
203110
2830


94483

664808
483711
738740
921581


513165
572075


670529

601078
778482
597337
295953
813308
195130
660587
15292

482912
702934
461520
515766
480273

821357
977127
510531

865811
540221
442968
401427



456812



866007
524937
79192
594213


587915
600660
295361



554457
406500

138615
549820
235194
633891
15163
450333


409157

852907
483460
82332
627081
930650
307996
894094

331252
770249
571827
104941


21184
675823
319179
599064
170135


992963

751240
585386
556669
665619

179635


529425

815791
136326
710919
521183
593597
511301
554949
55749
720875
895957
288980
979939
648684
82239
532237
832994
871248
793501

563552
139099
968493
38645

147271
544085
994880
366788

797802


630140
254276
986193
56514
475094
397946
427794

485538
611098
977697
280463
911506
624639
832765
797331
801398
980037
429110
832320
636698
655833
409582
189992
498934
768868
809102
367072



721412
184717
871448
36553
498050
217835
624853
985437
115650
488963
434741
605447
441719
214691
898062

913038

361855
906029



603230
549034
459311

666919


791317
761025
176568
225746
191818
291809
472572
578063

341464
100303
426830
833244


989654




269570
924848
538484
45136
423979


534431

602372
903536
104700
783242
99528
829111
421181
771878
300397
571033
639537
239233

82906
176243
294401
150587

808234
829261
253904
435734
790227
686583
100855
508712
444806

396926

676847
597797
233485

695746
798418
357163
760541


47870
833908
581790
940645
365382
38264




781704
849539
360982
409130
404003
66621


189721
203877
383951
857929
638476
862236
174254
374401
363753
420231
536205
81164
773777
123743
468139
588133
521257

412424
26613
28089

946160
155941

902284

296614

94993


386665
361304
112531
709457
745110

111564
387088
389240

296039
400645
545336
907054

789739

129148
858218
529057

76103
227653
611183

979706

885613


490503
734571
661565

509499
593062

775999
900760
619081

297545
925674
513013
283865
597248
410126

930999
874844
859231
391258



154926
749309

31222
942218

281020
806372
780445

533693

403092
787643
313633
789316
631917

806451
710593
352546

302148

349201
695558
291833
296632

540710
535676


247124



225412
170054
955465
588083

481706
225248
307642
555848
206555
419056
775210

26676
783271

603800
51455
486515
5806
181882


595502
213710
372218

411198


332047
567425
11206
19535
233051
238807
876852
154532

572186

325656
624613




933834
886348
346306
920645
796019
433308
156646
281569
914821
401677
649069
849153

819408
849908
807834
235466
323725
914102
477182



356688

386722
755632
770985
524817
17638
510956

560934
424167
597999

491311

976715

167163
884128
996236
754557


887028
794370

456051
129580
669496
660624
747515

134051
518125

718482

141629
737986
505240
12186
626940


607304
888972

308778
329447

350273
737725
938191
304480
289669
318673
685328
913265
131086


335569



427685
412431
429697


691896

835692
431992
558516
108445

704245
535620
494977
495189
72245
40380
906773
307667



78831
780458

695050


11910
91151
562028
707330
5978
115931
601281
403688
130242
72860
517225

815020
421985
178896
154233

367473
395017
354382
134952

717340
50283


391820
143824
165811

325052
684122

879865
121139
348496

967325
777082


515222

15551
792998

473550
723566


714494
233975
962857
258959


575349


768532
934873
983316
172953
76541
750717
646555
299927
42523
387545
223624


887236
254546
202421

102862


396300
124656
161085

552923
48566

850673
164432
745814


502743
239590
559234
24529
648497
850111
560375

458256
193233
695769
241949

769314

853300

140185
412505
921271
819049
579146
390787

743128
299341
148278
273276


114902

209400
546969
999629
947075
34012
643004

598318
574636
74316

466085
418016
545544

682610
539365
740485

304646
84088

92131

151797

206036

676357

686501


286753
658600

870718
304828
159340
444036


162766
792257



998973
771725
879723
448502

4325
679710
688372
771598
117784


929792
681535
591822


443082

442156

249669
741538
138837
777916
215711

858986
431109
575472
915607
989886
230700

802085
120537
734314


369700

784478
842930
344100
944503
983817
867257
99631
190909

164594

602414
836168
220591


723353
957039
702855
258585


411418
853741

676033


965873
895910
991754
750701
426733
815904

837370

287517
332009

904217

130615
84392


485270
463147
950741
912424


174349
949408

568434
173348




96691
37578
835883
881375
374055
161239
816322
186590

88025
891274
331783
965305
260243
248093

300828
414000
186822
951817
890735
409469


412342
394395
973271
835906

4749

366298
7529
769070
343987
828341

323720

6317
20217
560718
627144

900641
512463



743042
666886
618601
91413
407302
842614

447460
459819
689756
985811
685413
952870
860681


796942
654699

788129
854941
853150
721833



158558

613952
506129

666287

780733

328129
779390

43551
621472
233876

149502

986687
656856
499984
157960
901972
781189
9072
969993
65039
98572
912959
74504
689132
973843



588965
179362
484190

726110

697671
812496

256524
488527
384478

427744

851322
518236
559313
309999
165050
912635
782459

121466
187675

107911
485887
101577
481207
251552


358761
735413

662544

194056


962749
403194
269803
53836
550779

981917
678394

981435
263538
936563


708884
894080
213905
776687
708991
927600
360097
299298
78252
840928
20234
435753

223909



3757
187797

18381

101914
478113

322953


682319
151122
128311
892846
89541

4229
900887

469327

750609
924471
231352
134897

151975
823499
784101

179080


967534
206512
436383
192999
100425



78740
691020
273946

958776
264013
96649
169176
979256
8456
124876
638651
543078
611988
418285
726688
537404
866279


721966

952955
349414
397794
673013
552120

119219
99456
433505
932278
526746



348125


395926
686768
183018
315865

297160
171482
203072



665419
51919
390315
679867
924380
121816

571343
451530
943160
963082
733786
403408
32830
815587
355528
16339
4929
619102

98856
408716
775724
745110
355529

320140
140215
453089
795570
420911

540734
484619




748885
917273
245131


25030
700734
62234

487710
909430

596235

813146
362007
236694
393330
883107
362932
340246
571385
210196
733835

644208
989106
578442
695256

506833


155312
862451
754292
997850


788500
532684
175771
628117

383302

205867

119537

619502
902349
115808
587633
265490
533171

671819
582953

852735
286116
493346
165697
268840
434148

928131
714970
92469
695186

922556

277897
884267
119899
409347
160979
340221
541215
681348
267126

188105


398918
484177

255868
851548
400024
752149
967073
144308
519089

213061
887655
544047

30983
61727
227607
21988
39735
962457
443112
251122



193043
96260
112947
216991
166390
879497

76933


633732
845601
910717
53795
17464
185894

758054

130727
608135
977757
758504
986773
932209
366207

625110
551601


696829
779714
739115
875589

695395
19631

456629
878783
549620
51713
647287
587412


790786
535945
441404


196959
947376
189352


477691

274625
642515
776971
399617
526846
599469

779592
67767

21023

270856
43635
470362

230125

890212

145793

530025
777028

659177

912283


368267
526404

534071
205098
756675

915535
418349
486155
669829
554745
571013
986879
978994

754934

480825
914521
679728

414387
302480
674822
200078

694977
96516
149666
894205
969170
847252
19181
892408
263491
995557
135517
269450
153671
986691
836980
913056


386126
593738
95673

35118
841734
617169
654854

841135
656096
999901
174037
704799
758392


571508
112678
246720
621435
675992

745103

314389
172827
214558
694516
738844
992965

406233
641452
500233
261903
837086
462276

753201
365180


29576
378628
232271

835261
738347
866969
200732
592563
207081

607928


431131
394591
234457
736379

546029


784920


214570
487028
966228
970113
467817
94172
202880
555848
749265

336516

339142
771788

844740
307742
451000
251158


54598

619865

370860
385345

730872
158920


697977



730802
386209
918303
866609

577709

894795
958607
556068
883924
293357
856612
619227

83269
165355


577271

678998
693307
793813
737188
735150

528505

322223


191453
624560
567628
184170
985682
723862

37996


423804

762685
105353

326967
502867
706445
524642
705633



884748


296271
532700
834353
864981


190495
608012
503429

321352
932983
862126
79206

738880
726659

754796
520060
721522
139956
739209
964392
692240


769476



314893
199108

512324

757146

873424


335463
262327
129484
819979

614893


840650

595157
892615
959029
970652

446046
107909


221639
779444
139084
363445
765838
946273

205253

632667

390010
972926
779092
850523
958105
388812
957717
697074
5519
646621
514502

877545
686209
513605

700525
963840

164375


590173
236578
907499
615768
237082
893271
466537
544548

944319
666280
767886
23732
277495
575994


784178

481057
717324

213090

377445
323561
436800
567666

375422
238923
878

224049
434450
908432
826816
719713

103311


879316
880565
313201
763569
293782
64066

858482
834957
714836

663799
663936

851618
858791
177526
764314
218035
256850
112220
416071
96213


562506

659021
724554
581277
950642
913147


128839
692512

304471

534380
544906
853951

291001
117668
862300
164099

519239

979958
324510
700917

760905


860507
627728
190829
926212
313232
403082
884966

527297


787124
474160
139640

858397
283719



475139
530753

717238
484073
736059
199961
931898

397008
322632
649431
428437
448094
742025
214583

2727
714087




468822
650595
408431
805077
863203

459521

764760
185390

699813
878435
896219

262378
514612

473806
174133

92093
872725

307771
492505


479656
643935





969084

156826

212804

273709
374514

841782
743013
827167

428999
442433

344798
442638
457785

396056
24014

520955
550716
925516
797768
999247
660699
63290

968531

38230
107007

593882
171096

547320
717860
357090


242252


966743
653912

212985
303407
399495
345073

702956
359286
606937
698199
949499
8762
908894
744192
51433
796070

869944
261956

504619

628687



884581

930681
516853

7102

282927

581436

785330

537415
759720
252330

397421
89697
5414
581993
814937
66686




302409
844835

770452
623014
874129
382493
351579

187933
89442
50445
804471

849095

791276

915229
503546
941621
289564
969129

510107

180491
294338
951961

270205
848372
863829
749849

488557
500899
111354
914785
527886
991980
542175
719226

776881

644785
104019




815660
984260
674988
61713

986016

163868




879475
705172


616441
829012
433223


478824
995343
502799
13158
242344
233740
719146

871540
884296
887099


884867

771738
65461


585684
943371
82894
350525
424852
484033
944416
379361
146200
443911

938610
543921
787250
622177
813920
313932

621710

834138
853427
837775

401392
163955


521626
805011
418174
955976
389462
187106
104792
453167
555222
381071
198549

614973
439289
723800

41457

594686
153113
548515
297319

963528
959467
333905
15872
572508
461577

430264
11778
857952

459583
552945
455580
908872


45724
129399
205347

793708

228700
987040
48263

767147


290449
368161
787881
414206
89429
509571

90540
487904

602427
136231
726508
399144
231463
160786

435115

708597
136813

597763

873514
63396
86470

436918


47404
95123

301605
50852

410394
147390
70131



675670


482947
542677
940864
435070
34742
962354





189999
841798
804896


581941
360389
27366
389611
780560
457447
239317
278601
573848
918353

890000
268093
977313
243361
155132
300034




770552
927609
247192
557759

728660

580011
969015
302316

921212
148454
221202
475264
603531
865688
154039
449813
275647
211204


78501
340610

320466
7568
189439


552429
141277


584059
778152
400024
992376
589134
272720

752291
520567
145497
25701


653628
852205

539181
201625
903912
248698



421890
266707

751239
319664
45665
667552

819621
955293
19780
164103

995892
558493

900651
576280
132822


512842
459574

640952
364967
191960
631062

686534
545022
369571
562419
196922

22027
215022
26618
566003


217177
443467
618888
197473
31140


469580

594510



981242
18851
407574
369749
369630
528041

307069
138133
846005
276868
495696


876325



395640
64596

101418
536535
949162
820655
400358
183994
304214
158392
59688
972916
279393
266960

392203
335189

392219
819244
902732
148331


917319
538416
930960
11633
933441
76601
273250
287917


475407
93794
492106

641117
608823
644074
568609
711259
723420
180754
533756
32837
754381

954332
959359
44510
934259

123875


560826

597820



704267
90197

395426
709075
796346
537095
525436
398658
760454
949986
202499
990316
338346
293750

517891
21172



62065


47423
49253
662862
493229


375719

653900

418864
785865
115322
325896
232716
872712

849210
308890


236667
766754
386514
674307
537802
469492

298862
935105
198491
531765
141505

142571

722705
804374
545337

582874


288884
751827


738087
203836
174932
678959

21468

70651
669389


909236
979803
859358

396746
417880
872300
589878
129660
773726





717592
784550
628269



975349
992024
553644
454120
787201
140945



772979

743479

923811

809723
571780


476921
100328


738744
268385
711877
531634
682512
61444
525792
612456

62744

648804

543299
556230
273388
366926

853187
784085
968006

454860
814435

309068
837231

442835
830422
449004
792414
399969

127487


306305
870493


725943
413561
111109
768270
730239
862472

296384
229994
143106
510939
573375
402138
606314

208385

151019

683681
875046

167039

827926
806620
96511
408753
581625
935711


909716
253529


63748
93121

281889
601217
817103
946384

490808
816589


354482
426243

997277
146071
85174

943497



48744
583895
914695
26950


874914
756901
42688
372623
764263
167207
4547



714046
624255
770125
993470
759373
46352
809807
938840
324939
17865
40092
202161
699937


410654

447219

126926
784364

194588
473355


951983
191332
521782
962909

701907
926197

33405
709653

713004
7979
448494



645062
890925
568736

222772

841214
972196
691654
20459
162971
347825
214368
250316
318300
512034
496865
863206
280905
844935
933558

356192
819187
307686

630254
887235



276719
275241
100648

520869
7990
373785
119193
222087
647239
616568
182039
173509
670343

269935
70338
744486

127901
53504
497100
281745
595442
709919
680595
786334
435045

147180

621399
932843
947133
38422

287120
571811
985777
225673
156015
33812
21394
461959
236135
763136
298063
800940
275286
603888
754934
351468


976900
413098
56668
251042
658757
34880


808312
322103
438399

712329
925124

329289
484719
236128


185826
626844


80126

133363

842593


651520

63854
588559
897816
11436
434072
326081
886246



530112


980866
796810
888660
69262


746732
572603
798735
607485
38894
334311
381601

216570
216265
404358
732370
908346
771765

547524
263670
752188

513095
738741
691668
186546
511644
437885
251174
457494
140916
171044
475363

176806
531367
498325
100881
337308


348765

951563
577710

690229
911818


972993
236216




60065
945811
41929
531788
9845
595357
686529
617218
335170
841383
85744


901569
842927
690216
770458
951536
51743
999758
822364
920308
96819
418610
490831
334181
401726
226281

88264
314631
589743




52136

323546
179026
998632

315644
796573
480015
11869

803616
357171
86717
170809
871041
411612

872785
218202
16318

717477

73149
708893
738414


653356
48915
667510
673703
888734

412114

290172

559773

392660
597040
851683

7851
228250
587397
740459

952288
250773


578393
786441
99464
714867

803077
374937

678771
585841
862478
725709

613745


661840
915997
903303


993554
604264
502728
248367
132158
269598
689623
338858


153620
258765

528682
998692


136114



282396

250401
949715
243020
435030


997648

73531
499200
228061
391662
6529

745183


152349


740069

968854
501724
150877

734400
275914
130349
227890
421620
330990
989108
478999
926694
527786

892506
772166


300219
601496
537685
765853
710588
208835


179591

667796
336363
834021
581694


841397
164219
452643
94918

999910
794389


758743

371171
177153
571312
601322

852601

619283

282996
793575
5444



4151
703103

232660
907670
949451
23767

858338
504998

51080
713107
865908
574789
919589
922981
999255
367756
609080
903342
418707




760694
369412
188673

468846



901695
441791
915295
756848
192967
333245
257283
628901
532774

811876
201450

908409

241596

115594
729271
235424
341604

114736
222342

500888

444967
821907
924757
81099
480882
930049
677805
277631
240164
10191
672353
900202

321407
283434

387193
341696
194767
759053
233743
245379
472901
80896
617861
430386
234770
577195
533849
656057
279431
114435

743328
688995

188418
864735
36185
108160
823895
644538
645409
529044

720328
860718
519533
455238
999776
405501
762496
579757
385858
649863
483504


631243
153238
459270
713344
364064

218876
996536
363820


99541
274876
438798
488379
425793
801213
6518
720239
497679
52257
200210

369635
46447
171374
526313

51017
89996
365988
992561
679621
861268
188301
342263

361582



974882

228187
995905
127461

946026


758669
778432
659008
47737
226342

624872
354658
128967
714558
104781
276496
649597

505136

994099
752626
580654


776310


664798
69881
477885
881562
293992
678151


438833
747616
695709
489334
167398
762456

465904
725586
409082
744039
891961
168018
364625
286856
675012
641944

657726
280925
696997

56904
622595
787950
462025
486823
611273

912274


946244
760472

543063
447504

674356
498600
307657
87850
21030
957824

42207
868610
205344
816327
980431

492577
435312

745740
540890
860659
783921
753817
210827

359763

572647

248682


357368

582713

750850
601398
969892
702537
415106
422317
846030
466316
791739
688555
555513


967909

219593
546525

113468
510660
869227
935283

727

78461

344561
470667
460322
592632

163823

655323
117852
169259
43612
347530


232765
371001
469578
513487
778842

197470
598545
681570
452347
481339

664863
10534
610212

342963
303417
24186
209541
71151
137318
358180
594002

372470

282575

339512
518466
620397
942520
373983

979092

130054

776079

94361

34714
721456
908233
732115
308191
205938
946062
743316
578424
249258
355687
556662
992002
598212
408426
965407

337455
798178
12661

758560

337352
10048
61343
804641
566510
839881
888807
977468
402644
1459
885903
761162
469740
777012
171283


285892


61391

297954
909101
867325
406573
904740

639197
780166


956509
502677

329313


482758

837243

560150
450586

124004
593978

273424



556770
91544
926520
35613

502764
407861
838320
761714
967459
710527

270990
910108
587645
37056
130560
315661
406570


188270
955585
963874
858595
801676
713292
878457


548159
585302
604491
982533
541793

566785
742039

280962
31559

272080
576480
184745

955155


107964
634938
99260
653022
512349
291363
392855
962302
196744
849187
728536

663846


58992
275582
872982
728439
912257
773386
409105

196518

222143


260184
202993
934779
362100
893147

699361
985084

903816
250748
157361
836133
40835
443937
858084
263578

611513
559977

836643
972803
894026
864329
873213
184403
574836
969243
182399
652965
6854
717727
487239

321942
297172
823192
648658
957640
746731
853394


60709


919216
401119
199491
341923


879640
256893
796831

234588
325581
254732
8835
864525
855535
171001
607776

659620

826918

292907
217417
916079

630821
36735

743885

744712

312769

348011

552932

888128

166361


347796






503150
724180


795272
158948
45883
677735
466040

301900
276466
419610
931739

684368

621999
713001
230890
451187
250782
442250


821113

406331
280405
279823
868362
658119

244120
443303
703915
984415
432453
152057
726887
99062

403705
217007
590600
207008
560575
863301
549805
269198
332987
252023
539558


378980

323858
461001
525141
639416
251970
533898
870603
544009
133140

976375
672033



850774
365020
908250
783136
608683
912213

249789
337195
160816
162314
756588

377812
805687
454266
295641


838474


583835

564853
700568

242160
885579

141696

844273
488069

790128
311079

894537
219333

746227
459420

385531
651899




1195
854509


342694
400324
127031


635902
609871

359308



212454
428158
401454
217654
462645
62118


247336
998375



504353
851925
642161
63615
140745

397986
736381
20583
937775
303810

352687



919927
79344
462434
371965
653249





744925

614148
726604
500529

23727
723606
617192
225110
477920


166591
481701
471403

698789
114878

112326



876880
596292


81371

472902

158967
407966


700552
983071
83376
774569
158687

196249
349711
533400
526335

142095
338321
254514
240886
747080
150203
991984



222083



967715
359352




553292
149226

242647
423933


173525
712184

496485
404707
401545


455820

351712
100541
904323
962686
816627


696446
307068
475869
978390
224863

15940

86024
827124
862788
341139
142629
295097
512770
589445
30961

602427
728869
16809
824797
506367
233309

571487



381411


446831
169479
816651
624867
130286
975994

217047

219854
386707
798648

995695
690141
417173
354466
413776
643515


377262

813078
374356
686639
964655
964017
146092
219361
632648
501777

61110
591791

103854
647410

380366

96112
718700
959033
231673
644590
264107
747584
544078
498503
487906



913634

974514

958610
731928
666928
231016
265270

613441
611958
756756
464499
17764

640267

529105

237174
267343
464988

835794
815506
509595
704014
462056

939343



622064
693246
902516
893481
61890
481181
825694



231295
370828
752878
930890

929668

150703
536440
804300
846031
193181
49749
540323
71773
906872


565549




765090
740440
426479
391844


829828

236253
801822
776140

389950

533014


311714
223453
299984

168773




646909
415135
433438
361069
524479

457136
597044
865599

755624



627092
761668


958443
711751
652515

524661
235808
222493

102361

192867
898437
518837

412062

269982




835331
45764
370207
435426
276377
903889
609794
577164
459693

559704


311927
417745

689228
5548
340143
533588
364239
474656
573493

608199
928024


580188




530408

616232
844585
771551
510129
317515


296070
984801
439121
237288
141756
903651
511977
807977
867265
717752
886088
472015
802785

739546


369793
333687
126582
990167
210593
242578


752404
524652
187646
818731

486062



434298
373001
960290
356691
231168
29060


840226
844996
959053

903728
258490
900865
702012
465895

751711
194527

546608


794331
862823
3628
507548
228796
263989


397287
961916
541231

56793
271451

228174

614156
633927

25788
409384
528287

338608
226623

360775
234375
122062

623993
360255
198616
202856
725059
341304
91026

821713

435568
587479

408188



148823
364687
772150
522238
56050
62707
279915
692069
923617
32920


763127

744343

298521

638300
571855
99160
651827
193722

846219
82377

684739
790015

755690



722028



536240
331829



410151

847372
539292
49647
245516


467169
517908
503175
82217

130308
171012
759944
53719


533954
572375
988290


700069


932111
256544


793557
949794
651128
61893


369118
837067
302580
525429

544986
561053
520639
57193
685252




80821

529701
718878

27369

833191

192038
410513
107167
234743
918193
508427
724169
979249
463453



290919
541109

162123
921111
411982
970537
7067
623683
569491
610206

389856

841693
966642
307826
479213
424640
578516

342895

483732
251024


909941
116909





586695
414102

238114
324603
508298
887274
726516
126031
945617

802916

603165

681939

200990
949670
408105

891490
151517
123548
515430
717271
129665
290916

784422
146532

31748




293359
782798
542189
421049
820553




687178
61818
779295
421109
434735
714469
55898

628592
789121
784427

437648
563987
62522
642143

697402
263557

450347
312702
346874

997668
751462
765998
451045
107340
887668
778659
24261
325160
706241
831293


573899

735053


914777

390527

522372
313533
803731
876239
12474
666603
716426
208209


40691

905755

584180
616620
744320
126595


293981


441158
727018

497936
364261

259065
354584
740167



123342
150105
449484
129191

507063
345134
961463


176152

662012
624002
899965

241402

925987
388163
360130
799666
783013
380056
444260
698222
946571
375159
593354
186531
717789
57322
143829
371628
136187
3989
466769
815020
873719
965874




648298

57729
858130

333832
881066
258997
546074

424313

39564
492224
627463
916559
856961
36562
607291
905682
101639
536512
288305
218610


75011
504813
78206
173837
68560


989214

119138
200412

916486
543928

314332
87914
505466
113370
916376
827889

766941
546829




434606
346727

17923
420020
611679
729501
962719
841569
284620
892614
458175

640522


159006
731326
457968

346844
627177
930236
665024
714483
339368
138706


576427
224821
780896

999531
715497
586375
465814
191778


971883
400277


175638
140782
612571

919859
698367
270733
439574
317142

899770
844316




373183


48806
252373
150065
852825
607331
943707
803842

172019


641876
908004


843943
96882

25995
466613

736237


604520
133177
866201

573384

408270
359885


14994
690379
672989

332692
324143

337836
265047
708018
556648
457986
112009
372309
702348

711558
314497


824442
482393
950258

216965
53397
205905
889002

620025
139951
90466
323478

534039
783172
387583

201522
465184
751351
275687

687428

311103
943598
184259

719407
81336
251191

170483


64719
917775
994809
734077

224710
352290
484295
25084
52488
725263
115830
141443
101976
952778
718177

757374
572044
33950
186310
202790
639051
282380
861046
727266
932958
222780
380391
289083
578223
31342
748993
129620
374618
332503
225112
874243
516748

701564
184931
353847
627674
615326
710787


951714
233294
468228
599612



252486
850447
54328

881395
433712
958927
542336
742856
230954
991147
73769
697034
791302
691873
507822


869283
288956
699780
368952
561801
179109
217668
300439

780615

613683
323201
272398
627298
114144
150910


133506
29287
435924
652769
400049
78389
474405
968383
1492
809907
875350

579439
128212
740421
338760


368646
245527
126869


842217
307308

394044

516580
696402
516969
802086


454383


64826
356020
407001
141659
116681

408862

352132
50870
37063
272799
277367
635495
566656
546542

55324
331429

752636
423347
965784
632584
53094



524402
902659

411497

22885

344843
995400
465089
648376
50512



734214
183001



947307
244596
159798

613039

115262
70690
254598


212287


274557
589574

606852
201034


67477
759039

805120
907864
855021
57008
992855

410651
162952

935182
221644
69133
591588
227484
431322
982055

698308

614426
665053
339389
469520
864120
61606

825853
498953
596471


513189
189478

727839
370870
865239

761451
863880
285630

439325
857998

497000

93891
909850

883711

793521
318389
950585
497612
789803
644180
257038
593993
959755

703836
263360




638082
424795
950434

411310
406282
868590
103158
34068

334845
941257

421204
266685
738850
840001

378825




763575
388783

376714
872686
671774
509928
231581


244121
22892
632886
342636



231151
439617
845702
443435
881686
1288


49074
889261

255642

649097
965324

595206
765939
941757
786836
317972

763842

129900

820716
900293
894732
310469
824961
15938
293908


747732
266009
565962

562056

890738


768750
627579
298782
697862
990597
314413
436195
749274
747991

720871

249015
709546

886065


883660
792126
889637

330867
222486
839842
416019
545099

469607
181463

761420
811736
830635
431152
575572
373749

734463
276344
830402
244788
606323
315549
780853
165154
536390
257770

16580



445070
245236
531364
775747
662522
831767
971866


631612
439874

765158
843058
480302
920021
57006
727078
944036
331639
955236
151562


675857

460458
835223

659495


880543
217878

73364

933880
503548
616179

907600

45686
864409
472834
184276
872522
228727
829414
843797
361566
518436
265984

52122
379997
312742
419718
484149
286140
119364
773616
892470
896182
899811
278305


419534

13378
412807
737077
504973
962931
654777
553009

203223
770038
827944
398301
369866
70118
28856
508774
433888

505583

499496
568070
490540
991226
429025
625940
240854
824086
302289

980832
648274
910473

351677

994490
36758
787141
740285

698240
832984
653774

254560
114155

190572
713228
876937
342308
219614


461514
62031
483904
344221

796927
346754
488023
837384
585412
213470

729470
309561

689867
823752
153626
855783


964392

154365
414241
182308


744979

853327

277974
914221
759392
990297

798758

507503
929802
848055
762334
509384
888941
27660
213593


338879


267522
221193
11671
684715
517299

459187


768203

9270
100777
101488

999776
827896
414479

447710
563730
992431
894302

149291
844157
878869
581147
187154
797345
814307
381553

873411
804237
859756


375517


386835
660675

786940
944597
990411
165772

158462

922599
201613
760019
170978
692481

361026
282073
695598
17322
555718
647133
186832
639516
350843
833947
230003
292257
272102
894613

627922
437850

495382
346963
538788

283622
198356
563311
340677
905860
782027
454495
151936


771594
422159
536230
747519
131927

540353
825361

608358
970587
541296
378302
659888
173523
170696


716406
307530
517612
465521
67958

961734
116673


314502
497272
464120
952129
519513
843191

782729
714518
19975
335570
229759
561586


528345
397380
53668

682963
562508


170322
614638
720437
506068

530441

97860
232158
706714



25888
392757
660273
53997
514986
759892


159725
783851
842336
675438
285478


245073

745245
595131

385261
947325
406586
828899

493546

345924
714879
8624
742112




503279
334129
177721
938092
151393
325063

796532



303514
748611

765636
518195
645174
428196
754672


182017


203570
847816
283749

949976
647870
494898
126177


912451


19518

290199
140344
610851
103252
708961

752542
904505
910056
948661
935136

138293
831284


902917
706795
100842
624993
380584


242915
910331
603276
93711
700817




756024
689683
783652

54612

340188
721578
727247
886736
903640
230079

996061
883292
446873
195765

904082
350195

980361

930554
797766

539611
702319
875520
806727
528578
88638
61635
78829
872030
49402
614935
138163
938163
17500
141896

581211

848039
221154

863135
536753

522517
409049

977704

296220
383316
561598

256739
517433
183632
464998
601273


711719
865829
618638
38233
43578

474979

225151

102796
884143
706726
246055

484039
167899
359129
120171
804236
358580

445319
64286
909763
119667
793214
880604

818331
61240
979899
295137


136723
49180
969969
10503

268864
813264
570785

359726

193687
655389


572149
630451
990330
191854
693559
192790



367424
753992
682919
848086


601738
182728
627851
836047
882916
279179
539254
83075
693773
806081
259150
858351
848943
565824
654071
497365

742200



632647
73494

842797

872623
806442
602764
802289


193370
565472
902209


26700
867158
295798

65607
65103
229319


586503
451584
621409
840464

326079
352870

829775
596401
339910
742574
141868
279417
3437



470435


917950
581260
998173

721949
929735
480202
111522
722568
878607
366527
141919
749386
285028



709828
301021

190792


926535



717712

49573
790767
68009
549412

719546
713309
391405
273567
433664
504278

190238
225043
834621
188582
994306
623550
484226
135675
110432
835193
485301
384541



546881
666219
886635
513115

54683

912862
551308
885995

742164
289328
742409
645711
852090
455264
841921
191070
438505
168420
881648
678806
928657
183961
916183

916318
554340
219594
69870
66101
834833
31790
219877
382160

412144




812176
607461
213501
620724
393822
499272
260282
618243




296509
638399
63884
468237



484939


74471
844086
955568
533098
547577
198289

529445
316494
452360
901792
339487
272923
793262
388198




56785

38324

346362
455327
598679
506691
418541

205370
15673


733293


558254
695552
389857
738377
235640

718957
58460
882088
669958
181169
273885
215051
837918
304616
762290
901923


411064

213894
177296
202514


32470



505239
32770
137331

314889

56044


546195
13789

551835
434374
532141
899095

96661
997247
571810
586739
83142
121395


800515
465104
48457
693612
107359

330352

977934
480501


68914
576329
177907
255802
456924
896923
80974
463538
83646
933891
767396
715446
960285

909408

270092
744316
495230
891305
539941

462043

706698
661742
401364
785653
291155
722843
189291

439385

841677
802525


328609

67359



123994
76169



220004
980036
28222
40534
871654
306379

691434



668444
409747
140148

392060

898163
130647
626868
354347
484500
823451
502012

447144

924145
514668
597722
773256
58474

993004
513592
674368
643765

440672
904152
456764
377013

699569
130961
55236
900950

620507

455922

749144
433702
943561

526742
609374
634562



892164
43410


86945
343743
474121

19954
935631
916258
905643

396142
312126


434380
653344


232536

632102


59388
172852
931610
781696

770941

348075
795039
63352

405568
15910
762831
376331
21861


436957
898159

533834
485305
195198
843949


24985
52779
731071
295115

718450
884223

948036
644474
176054
35750
339063
931783
814540

93777
541358

34321
543918

783595
457461
780814
877583

164446
714581
364783
106961
349238


837465

848603
721839
896039
132070
22557
436043
212016
537100
695478
306634
882573
478182

358188
867312
522806

140880
285563
23054
684519
326046
381438

426539
854408
364196

14264

346991
540018
243788
379157



185545
932927

207287
411648
27930
312085
76694
550261

549753
285412
309382

888911

265280

596861

193611

221483


90902
553944
768104
676799
713304
765604
854126
978075

37609
932666
113183
281851
184411

426374
113106

867946
160448

709788
931883
158875
488988
458617

456889
481137
325130


724380
710514





731143
3076
851834
326064
934186
699936
851964

163139

317084
466505
601759
705594
97686

299780


395011
905067
656786
562361
6283
161916
578517
574497

859058

643759
336473
940526
464933
252915
391319
639884
469793
353037


879228
704463
118871
508392

865190
349589
522943

34365
814643
353615
473144
350098


515537
76339
542362
822553


833960

170563

297756


342450

845662
304962
549382
26837
850192
96800

517350
562130

200029
87951
732395
995198
436901
631849
557034

114931

746930
890553
547820

668679
69419
497118
579026
370600
888484
429044
912039
141736
264553


819853
790755
532523
791461

869317
681304
804122
976752

665758
254540
91244
149730
682395


455586
312093
296072
745894
210302
385148
976479
570410


682861
150681
853262


473506
4818
356838


86108

350438
891083
717836

325814
7129

517242
871930
5509
655882
422114
351160

38148
677735
734289
829969
21045
459317
987365

814711
13767
322758
144117
637449
447286
14852

525654
568046


173020


932095
305168
657123
6068


113526
755548
444449

604799

707306

892236

566743
747844
809917
126179

642595
2469
481187
497898
421252

599590
101527
515041
412008
590154





763493

719970
285385
428822


52227
143893
552829
86632

776772



435703
783896
676594
397061
883414
117556
844949
259551



968676
543846
810078
11053
213952
302533
69441

90294
969886
917689

414547
274
544007
510737
695677


889942
857160
789587
251579
612260
704849
627490
969907
225553
642209
113777
354552
585260
879311

336413

615550
243950
586366

729117
897177
621204
738649
942991
642848

845689
359923

864103
471315
370528

339576
924260
437027
321832

437821

331041
689069
186280

158161
308090
276158
180179
947228
839563
442871
411137
409874
220622

310723
568306
352455
978463

726845

809778

794566
122337


738067


556865


760040
857130
798422
628850
211141



614194
721120

290841
725375

744569
355525
848089


967745
502781

927015


684950



149331
66536
529344
851671

890823
977359
936397
103913

722335
443065

614138
830928
581500
94870

248779
965561
226450

464028

418528
860259
673663

465439
110170
898354
124878
827397
164804
108610

312132
218948
488956
417559

725138
613876
635356


55569
828858


517321
359540
942235
253102

548608
197603


521508
302888
998600
772447
925948
9688
780250
721313
411041
103482
347758
10314
834070
117341
927015
43733

85031
552012
808630
59470

595425
534383
119610
927955
243499

680962
703953
772642
244854
378504
496769
68465
286700

15941
703810

158035
980850


938007

13446
771322



700034


22387
75693


716521
377193
891567
194081
576878
90897
105072
241683
458019
4324
219718
66116
196658
993226
730985
752004

323038

182327
668214
715657
549310
305461
877742
708275
543782
78641
837657
782591
925918
595914
506926
858167
311100
285919

10834
630664
277202
655346
605161
158906
994228

663033


663250

756410

757339
496034
662980

485917
565490
844183
31791
641585


162051
242902
891739
316925
243317




608146
773745
720734


471739
484627
603684
18968

78219
110286
57739
209354
568286
935274

330760

708890

446029
949985
996657

270472
815493
782608
354104
476186
481797
451696
463307
448769
150639

666017
783983
74489



399615
483098
785814
519624





838752
593838

560133
420196



600489
71682
881846
946531
305359
830965
920077
820295

605961
239573
284140


897212
993656


857540
261934
524469
47846
392468
513668

474729


312745
382388



962028

625687
379002


664162

448956
296349
30015
259233
698402
291198
591506
242869
218018
220218
862399





511430
65843

27584
511191
420559






562260
129920
511284
557480
243707
781300
250578


224062
653605

71555
141976
378556


470550
796948

94174
666687
976389


776185
976373

375843
599071

82813

516856

55167
25288
136594
778825

996573
536821

166847
208272

463730

462747
144476
425053

478280

515324





771744
85637
505731


230099
429227

899651
592553

610371
888224
690560
85153
673385
921944
651943
730713

382101
152023
66543
722992
411400
860574
154707
763827
432460

933873

750751
242992
844296

503038
406067

619957
161457

960855
907917




303073

619325



749202

878945


128163
308381

591275

619921

617845
877971




507536
549931


432254

437746
17610
691916


550422
107698
39275
840565
620731
397132
610424


846414
108867
151890

36956

748994


696681
835249
271260
386956
781312
120314
458552

313840
519767
144367
129543



323073
460819
15567
148647


980522
886857
626065
707857
225873
393208
500378
79344
680409
879968
406769
224566
921491

937993
367241
42049
160676
863335
559563

339883
735922
383363
807770
928924


270727

628102
286898

164613

412101
172037


386229

335766
941978
363651
933814
721727

886674
175553

946726
261630
95340
949807
650010
727930
134621
731666

669419
610489
969635

262448
840209
584083
381492


671082
265010


886277

500188
255441
951959

127337
2230


809809
937294

905677
497583

814816


976603
329233

997019

761691
378592
43143

145429
176200
787497


5691
198870
798657
952980

120657
871179
53894
905000

12396
370257
486095
30979
482222
455187
736890
6696
355652


430880
391921
97557
562305
6612
691552
709485
958533
905130
580457
654445
611979

664149
436246
276654
116969
948633

292524

796132
22282
535673


830045
506053
145045

393723

797779

805948
411452
880680
660842
846638

288778
429993
9792
159095

870256
634283
138969
844344
923270
96947
541317
649930

295525


680618
35241
713443
472609

808579
251740

793575

203655
798316
804582
187169
288579
949261
234526
77452

344969
994197
553819
922810

594836

530257


47484
619143
816292

154667
36031
209761

201283
462778

486149

228943
378399



240769
79512

69791
858273

53789
261992
755527
904032

313358

736308




239516
173476
863663
861362
39332
192344
938056
265699

302911

625727
526304
749613
68163
531929
24092
834877


964421


236986
942317



609540
301873
821728


58898
279633
918715
367609

780176
10973

274393
817924

221719
465011
850204
982181
481508
946432

635431
790528
678203

700806
941797
88110

155713


758624
31681
774284
723883
974803
871712
692762
677233
564836
454639

214277
652606
19422

193609
610632
537796

262649




428687
708226
713282
295940
992305
517763
489594
976573

934297

419485
831475
634781
246974
299347
593712

422850
479914
915689

366693

124686
884214
672260
554617
705805

618150



611919
829145
992373
481726
271763
799597

229030
301364
836239

142123



578054
392252
188100
301281
396305

359132

713198

979904
412059

311898
427086
204781
894744



325857
817038

34952
125376
97208
777572

172762
105450

402422
2416
749577

496167


224739
95490
385011

608394



857130

48951
768674

232863

725470
865787
688659
509738
487113
2918
428515

328496
702666
421533
776389
756071
521861
6813


422923
326302
881385
376482
133627
783665
839078
710946
567835


606109
13925

249120
132560

617795


530724
783746
931442


826248
544766
531889

944114
519682

384554
490740
236194

485808
863233

341176


527613
625825
450810

27068

998662

798930
565593


193064
19051
882861
843593
372189
317962


339054
261358
654502
818433
134837
109174
689863
472679

894603
496419
5225


271963
406475
15393
394200
775336
129552
614471

690967

707006
120244
424487

770831

802862
118265
32650

25018
100449
151243
805416


62041
880331
257937

996436
237099
839264
519033
442584
15853
372316
502148
280248

696197
384204

734023

716916
169332
181931
236503

199687
930222
684167
13355
200024
402956
653982
563146
942549

340735
598770

83483
366248
842892
125451
141152
685912

656510

206890

778430
214241
428658

177157

372656

172981
232213

598694
839237
961274
793096
709655

445444


183473
795547
388012
943276
300718
75172
654279
844762
236131
953950
9893
59514


28134
90167




85402
212612
608707
777262

672026

765762
58683

552210
278425
216764



267003
727591
310217

464693
574817
802336

233681


807128
873656
613275


741117
546826
404878


948953
907537
536296

772941
906479
633659
753811
667763

701977


65974


356922
534143
156709
212963
930436
96856

496822
412306






258030
219913
194702
219305







26606
491496
185823
109247
124285
122276
841932
756579
852385
566274
274929

34194
295412
127244
34284

986546
630858
603497
294175

905822
942608


828759
23602
442602

239841
303286

683630
378971
497507
684971


804322
19265
374721

759164
22998

168372




465665
81501
800194
558610
721658


4301
161869
924803
436817
531920

123867
81595
124496
197579
361698
916897
358466

888996
177045
85623
789354
767055
238096
396961
277808
250368
295700

407389

719162
431124
26516
754199
947188
363304
76885

140045
50932


316116
177290
908652
188384
96187
811384



800103

395148
705158
199169

451538
155739
725187
115750


2663
67234

990822
256954
214311
150211


773173
633684
854099

493407


187998
418949

152767


990995

580496

522065
137132
320869
460795

325134
832158

715460
767091
296071
39573
723253
869219
459475

134269


24077
807132
523148
401154

47669

745955
69984
864124
755812

836948
959523
916220
250182
368819

444678
148230
270829
156718
783289
42435

822362
638820
979702
277723



965365
350537

334374
96612
157744
748792



513688


340761

26194


932418
979769
744303
795043
287767
291707
323536
996773
597955
745559
43678
128256

312182
199025
337951
834933
643743

439424
425

811101
247078
825729
379720

386981
686851
732999
692530

84698
30880
499525


555389
905579
187551
133423

948015
711876
682052
414683
271251
881329
28008
685546
377976
699423

482250


902107
46399


480029
304446
86553
762207

155910



380156

845159
647654
773002
105307
769436

936308
316224
97134
523888
921121
481435
19682
508610
58432
323189
601240

882928
55121
565291
533154
71710
702005
129771

744340
84530
812250

769033
694082
839186
492472
73217
792279
440564
603462
626273
209186
927204
746653
624007


44994
468459

953033
893296
58035

727429
621560

479649
223171
458847
691876


89871
370803
88950

965554
915890

888579
827607
484217


918007
362423


481919
192237
711020
52993
388543
281651
780340
482275
991384

119991
316951
99931
992860

307885
269934
561357
975500
151808



191554

232430
535463
674646
332290

218445
529535
33402

142135
63407
484608
410924
177789
652340
283503

300217
956127
327544

438128
361595
236111
255582
147014
175120


885753
966278


436807

332596
474731

344322

559968
43684
618852

628262

64531
842475


869096
966104
532656
128679
65921
137846
600957
798438

458515
899306
766269
202490


52606
821305
954342
405592
611865
427513
468277
320527

584087
394018
505621

590546
232474

201311


105829

140189
889827

561702
639434
637111
415981
18488

805356
699078
597674

213216
466152
688146
532212
536052

306581


158404
571627

674826
894791
214019
585652
555724
167130
764031
418270

759839
501093
675758
309131
127103
307634
806759

172467
797078
110395
668655
364281
388899
898566
406318
951040
278331
447665
726231
167646
604198

561903
556974
379619

462778
832521
764476
365852
619688
928797
686256
734515


647189


808581

4047

303436
726080
783597
633576
295224




474506

65440
341883
835444
816076
443190


312008
829028
209828
103736
666903
956341

83981
403013
604440
653464
765631
996633
890954
278576
212882
400916

372067
648450
852210
639867
467213


276533
893265
412128
859580
708772

995640

658329

440352
675986
61253
849460
857721





967093
923010
344560
571440
425910
498967

284894


285756
558621

166508

480414

368750
303500
281377
302457
821974
636565
919376

684621
878876

579204
164838
707331


960080


916899
621272
895749
178339
813242
527377
201694
574463


852195
217204
977205

396135
435188
619949
633790

540004
835775
518133
54294
15047

64042
243564
260583


272573
888180
959743
848723
644618

860664
458501
932377
818521
822631
295733
747343
564330
51539
481569

17594

302567
869128
142824
86159

356094
57355
806205



675893
358883
72922
743820
940488

256082

225706
523307

250561
485339

876399


983612
772741
161835
696715
771773

88063

607488
226114
969701

46866

933182
95333

836155

1624
662651
122541
876416
882481

464032

983171
56090

684375

21627
734765
223283
964771

166062

96361
55604

407141

471509


644715
597271

846059
374909


290439

203286
412704
402123
961455

293273
813094
166211
319594
562028

590722
191940
853492
669561
48
518431
482402
602054
286115
544630

549633
445162
453433

18788
447609


237944
491194



318328
936479
269231
820307
162039
233531
175351
423070


485047
830209
527549
230143
170863

477599

725537
131847

416898

816146
31239

38753
698497
718499

27418
205438

232018

390276

612976
516335
619386

287116

289011
764679
78833
910191
791545
743691
213492
926176
313684
152914
891790

688717
643869
204863
201956

938204
454485
931877
38883

806068
47380

51113




401824
33532
901271
807466

885341

402711
367283


314605
788978
96823
923014

592439
581480
218018
45937
722411
1433

491282
349957

18418
785598
64436
272867
461331
953398


803822
350724

349392
140802
431427
808631
132660



276007
36858
437348
677256
303895
232360
965380
24410
316489

26219

423545
747010
189057
80186
878962


852295
877165
292946

153887
56412
850764
871580


670011
800870
12151
173481

193605
542324
983891
816507

213585
218218

238699
115999

990462
883
537341
894368
714196
174025
471966
985743
400634
975696
667807
517653
737186
133966
720226

605020
88498
852708
444630

129641
387910
619102
469983
379225
325512
8047
277366

282395
384873
385740
34530


71255
415864


729450
834708
574014
36699
8857

663768
562495
325208
512519
161339

473761

131695
205536
437087
962614

809629

137839
415917
655542

6774


890997
518339
950752
266942
709303
108050
500977
488301
820009
408247

330824
564421
424414
403198
788016

562163
701264
291191
184047

48090



291109


215984
266555
85400

966772

887431
842675
603327
381306
713728
934397

125809

89181
414783
780296

282401
818811
528512
835081
343745
485099
171129


92257
649548




583986
181976
841953
960370



946328

617273
879921
498190
84045
304583
876726

768390
598957
56224
653607
5556
787107
78993
841864



361377

183378
906709
522734

794661
56734
209375
945123


154759
177860
154293

750296
398462
232160
599606
737874



977806
476071
832127
61572


319164

926098
415307
7782
486289
487621

261591
767839
856832
578407

231666
833370
23096
879963
944629
764104
417068

413070
520244

433927

212839
182040
299075
106199

652793
152383
351836
104053
499477

133765
1597

798832

416950

22142

638932
72817
343709
817203
888028

493062
74208

229227
223155
134511
172569
408907
203285
454384

831308
410758

512299
127539

368146


472222

582007
507989

178506


384367



966563
837504
859736
778507
495441
23856




728314
824987


219956
154369
122366
567733
398948
580338
466058
634279
845843
611512
140771
373356
644745

87136
863488
40788
816950
510638
954182
790434
857834
688070
982528
431068
809619
669303

547084
810270
409557

365565
160136
57137

217718
819592
471169



36529
97784
426930
200514

969912

941034
451870



923991
649635
155488

671181
863415
422487

433124

715080
469611
616290
553349
116174
809181
415
299346
424982

356878
840370
22581
343248

281552
47812
176939
808271
942998

249807
888690
249812


602650

882804
126782
402541
929184
123481
628102
111191
782152

868469
422942
60833

880857

40203
683203
944525

305687
549856
888837
761085

696765


53204
757180
760079
368511

831618
159520
533849
960333
93837
667805

825938

587683


922637

299520
768391
285059
128213

957463
22958

142795
312442
467164

119325




549819
621043
294270

354393
746334


41447
574482
24239
4121
152700

551793
88960
441675
712426

195452
758644



253277
750818
208577
177699
737843
143544
388583


602826


593238
546250
914920
137138
997949
957466
169842

612343


432031
46868
774133

268316
301054
761358
99653
665553
201155
897069

900467
687468


889011
258411
96049
423164
467109
338535

915120
303906
275796
501
533721
272234

616792
755238
486034
534988
274167
545934
494304
581648
550543


358204
253852

526103

82504


964896

810312
32114
722158

355925
950603
778479

288472

71263
655637
962828

951558
409978
331902
184320

230171


703626
103520
628714
426326

910048
700080





550997

656005
951306

719929
939763
18592

561562
725148
996938
315150


830615
287465
854341
243490
935184
548703



470267
156106
693442



240497
331207
113789
451861
902300
58524


132490

379142
844887
811324
243029
364134
87565
337847
236296
577419
873684

440091
637668
506641
78692
711032

846394
168529
742913
583813


193636

618676


894020
561935
998171
779334
648437


192404

205879

29389

601650
493069
374943
326404

590660
52766
523339
51653
221658
576781

74517




636903
719222

255213

658037
777280

269980
313482
541506
751276
532032

178733
389224
713420
409416
21833
726381
830669
894821
483708

847089

787309


672877
828834
950679
833086
404742
738242
322873
671256
471464


609332
88130
391684

335234
188338
641601




253444

254503
916123
664929
709619
355912

347926
489624
447947
343557
722820
984048
413821


945548


73871

148266
748210




382086
195335




182104



577602
27255
598035
314409
882096


794172
630637

425602
627970
613335
206030

914483
317876

412946

185158
354924
829112
971982

698972

399729



472099

610291
431807
448291
721715
564080

558430
887995
149727
309001
534380
270452

780190

153257
315860
506569
251247

417440
509998
446423
478011

362793
220174
112781
818347
834336
20740
698661
345943
811921
332850

429212
529648
433999

539619
309858




966011
213249

217684
723249
169795
521377
888868
34806
28645

420483

230661


293132
941147
155939
157251

106175
972283
224111
956001
150234
987477
168622
630291
471082

507811
927785
172897
402120
208376

749445
873435
617325
578956
629769
835354

598106

387652
762784
116001

546646
219496




576735

164416

52093
885906

810917
384007
41268

371132
246847

343365

568917
985028


108997
630508
487746
171771


58634
5470



279620
40204
82462

223606
940184

183369

374995
118974
537233
542078
434923
572810

345311

246243

631917

395546

974115
45384
191138

562755

708500

198303

697646
852801

511388
702569
963470
954231

285657
743853
704031
748709


421227


526645
807491
278683
734738
930659
513337
882801
745724


667063




421998
322920
67204

593331


264908
24923
746007
327424
987521


124085
849714

221049
880430

977679




911416
552412

921304
910871
967779
233477

863111
873149
780312
913694
704471
244320

562478

277252
56151
475278

377551
972915

335130




16098
429242
14584

417703
655419
839526
287018
929884

688731
492335
697991
539954


147454
42035


935167
716368

240111

1229
506806

921922
220867

516420
63123
905447


716887
259591
59262
502086

287935

803340

285631

212609
356179

309149

468038
674759
490814
830876


241926
279134
141139
348144
506851
173181


750753


439378

979275

106222

646885

397183
860606
673973
688794
521760
201090
996666
653278
690769
20541


455155
484858
174552

965149
770610
547028

729029
164180
363431
133143
887518
227538
246812
559540

929588
551448
746947
851339
609580
7978
546562
682747
242208
24609
74068
372569
130741

803486
232545

321986
31633

954426

100026


940863

775353

382867
194184
489877
979533
505472
790638

819338

367630

74797


880690
267500
29234
347992

722575
305162

316405
308132

214713
151624
554933
828055

189719
676583
786917
109007


535393
19010
919066


117123




967418

810123
37227

782369
318697
873410

373025
408141
986801
202951


675727

425802
981247
935657

671806
912945
106926
131914


986677





366829

308230
214502

160289
668286
705562


795849
702568
498781

727527
24073
475119
681004
592847
949010


899804

28920


528933
868548
785381
803283
865651

693953
375268
437724

300891

696158
878498
518830

827900
947894
680149
931563
51311

263367
528411
154210
808069
149462
198268

310713
979841

702719
245956
262224
338937
792153
343627

878703
719021

817226
335038
628510

662789
281292
394729
473280
860580

571652

17935
374722
381632

634439
404785
665523
51099
837424
34604
634531
452922
61663
301398

435703
276576
975113
53915
774227
520958

788758
116256
717020
102857
515431

178496
433263




355625
131215
809458
735369
489472

338358
108685


402670
869113
464448
578818



974541
409045


165107



517901
451045
996679

572367
617342
59006
447250
538574
236305
859000

256710

379410

19106

702091
995894
19521
977279
181718

768522
693166
352632
78296
768099
396495
369932
422708
680094
185378
329779
753944
784813
15126
226183
745496

248896
616380
921043
688334


133493
984407
112265
959534
745620
275419
410089

514932
13384

687154
990188

959074



594366
67468
482262

360888
132510
998005
50189
652572
291326
681207
694081

596684

170982
683567
618426
425117
797977

255970


41484
810109
626793
940978

796519
268590
404488
521912
614931
42027

153144

822873


631853


953737

13900
252945
123175
942772
199510
654432
77598
385825
847764




787878
984637
476594
630376

95179
386542
504638
35118
748477
568634
392852
755980



896186
833686


136434
265054
505273

180933
557187
20725
468499
343300
539943


26340
289972
882287
498801
911303
111221
620079
8834

904125

520686
405457

119916

549791
89845

121507

393346
537412
479380

677455
37939
329673
844143
636795
89171
593545
847604
421349
140315
659854

511315

323409

97082
706615
427400
651052
332272
442528
162143



964987
370384
367435

716626
413230
704174
906374
236533

881118
1687

785228
43550

328027
337090
212088
549340
345467

441359
179160
970313
770006
564644
200315
113889
569449
587800



606208


550860


131143
864420
356596

451978
17

381779

101383
87212

444642
10904
719003

783306
856357

818645




975049
939441

582032
805276
346645



762793


470940

859374

959753
990040

470469
945515
375939


963210
881989
832813
153394

526451

558580
629433

64400
743211
481567


676718


210604

307519

173728
395646


318327
140141
348159
105450
2780
98209
95053
561526

994703
322381
209330

959285

28712
310157

621675
298247
539960
916498

885931
62690

799064
39603

422949
791287
668087

904530

201228
304020

200144
761797
753051
282648
754608
90503

966375


425316



490232
499125


998015

48289
450802
734475
454981
434543


892114

442830

834725
748438


891334
879865
118207


541148
327052
613372


701484
376624
477311




130016
28124
228083


642954
970557
381600


454697
765697
530838
495412
813260
114166


264936
497381
241810
696997


450586
758483
142245


538889


795376
608048
763311
147829



750083
329222



765488
821013




733418
55146
972005
289377
459493
884214
38594


255552
826856
145409
791508
715507
856936


543828
951215
732708
269894



489131
950254
603203

203891
693626
37575
717693

749801
994435
775530
804719

348038
26364


438254
16746
107606
501654
617770
492914


28818

305818
671090
62955
274626
808258
516416


202216
575350
131483
434746

430755
153372
666398



520534

459427
298502
940093
520972
747987
599370
673738

572341

445903

769289
870708
583576
420416
175471
406045
803199
916530
834824
414063
195756
220372

905599
621858


892829
649082
103580
569775

392082
26608
131065
267436
817466
787575

495775
163810
64686
637673
628289
849057
724128
311438
135928

217406
270727

479814
136343
610012




564699
93360
835204
265630

523883
365576
165860


630435


863558

245697
805881
10106
156298

346878

95984
400031
921646

318937

983155


862806


358358
668318



689345

210167
63193
976156

826996
41601
225469

599913

761435
771175

432383
779984

302153
721370
25443
474422


412634
956879
181074
96527
5085
284908

685016

322300
593161
412981
222521

720137

826230
990340
498930
371208
245221

18725
406283

488382
541819
862027
577896
131804


912127

309560
195357


912949

83285

945577
389204

365060
177653
686108
755215
238802
342982



827516
513958
608291
293623
846534
616237



172535
23712
648821

313403
848426

226652


927717
366798
790614
967479


508267

664110

187513
152418

772076


995832
674812

903107
319511
562156
448250
17713
633039
267042
582959

707312
471481
964079
108566
492443
792151
328297
432634
283611
321868
431943


702124
314341


895102
205059
450133
10157
309592

201124

448329

537834
702595
778459
724935
125533

563121

225746


966227




948144

497191
916993
895047
814353
709383

454853


87906


374957
468519

83203

4281

880180
142721
187666

396898
553874
758968
95481
881361
350227
430166



881951

92835


439039
739026
735786
773994
372827
160012

623139
532467
753531
687767
139418
125123
785899
28551
164661
829252
401282
240076
73904
205239

315329
872918
417016
768465
674241
945466
183699





236127

94923
908177
709900

885422

203566

765466


340188

605886
580392
119983

951520
3780





299781
266756
377163
836662
547916
594585
727762
409200

906621
551097


961883
794270



103008
681101
369896


15925
724720
141566

816245
783868
997262
921541
25142
753402
921874
584451


259214

951009
157294
548165
627356
97372
808517

776953
573145
678755
138837

626028
640845
522274
60947
428542

905007
921653
137941


592527
38614
810660


790743
312768
950777
815485

105876
249382
868877
362535
700860
502383
571076
100599

111703
42993

963409
733002
634775
869450


426699

557152
117415
891398
241723
840389
312893

439634
574034
344820
888295

335343
299127
369576
762105

837281
775753

292771
783275

540996

46284
125578
735207
571674
825265
935415
477375
454814


35366
687893
300209
199434
788752

122413
452870
260026
617130
444367
84363
224265
835530
53258
674345
313796
432215
886568
929065
593555
933508
251321
821376
608425
972069
835650
876189
254128
97814
258960
496693
284019
38905
209830
507421
951828

108861


870077

792334
109664
56290



313864
51292



240880

508147
947794
974131
766432
789599
829761
841302



425361
92579
779529
17214
678189
50403
122370

838938
293236
372280

122729

225407



639167
346737
956230


580772
493494
126496
718700

974653


320692
453180


434509
544224
891818

407452

724848
366922
28718
442082
528546
782531
579948
825621
343309
848476
297243
612949
753776
990144
330381
858789
463744
289830
741655
630907


706744

369521
830598
725026
925903

984655
465976
562305
294262
656262

267851
480453


85495
315106
305316
813084
616744


315775

856482

288760

494096
418749
140024
459851
9136
329601

72337
277415
808690

560822

592238
840469


711978

512432

420003

763603


632845
926809

655029

208204
906168
274279
666738

163350
399508

294789
547324
960453
109815
138966
515091
279665

841570
463422
241677



784215
202077

925844
206824

85111
507771
933429
461567
513130
800997
67517


129310
421854
889901

897538

573085
466456
891269
344729
631613

19087


426083
833541

272294
354061

446665
953390
634594
423067

544192
128863
570205

771145
217478
428693



590764

730927
837909
309987
838976

583630
600193
594189
362898
912599

516298
689013
517162
515513
871239

305881
215426
290547
759094

885083
671267


536008
342443
554545
819135
335722
921665
488121



787582
566484

16812
97208
690426

878315

17577
311535
916955
924083
260808

518033
96771

178125


825100
771209
490189

772954
908875
465537
266249
888863

763701
4742


250777
945356
987253
905714
120433

712255


306030
977541
246858

999300
890950

135759
495030

535088
319317
969288


631623

12433
149220
68847
985785

229729
888664
719093
22409
888774
519594
175031
963175
638576
8417
504257


721628



723756
109599
708254

239675
623043

636462
732764
119826
499612
46216
940511
497245
862115

973586

943320
670839
788087
527442
736725
727065
39148
586372
459425
181304
846685


897400

166991
988304
350329

166316


533165
880070


216971

438749

437463



434408

798834
920681
342834
835364
569687
992251
725420

554414

951454

198962

778088
762583
680007
295263
559276
259701
437023

524754
36580

7102
103850
584317

525092
982682
506122
903966

752805

667063
553625
733944
751050
51181
174440
614508
114655
699561
274259
74771
169957
254898

139602


525783
93690

178662
885327
179991
432272
201137
118455
708312


462962
986250
473939

148643
519161
324620

909208
549317
648621
866371
495080
775474
260998
987924
84239
458300
390731
434723
93418
860082

931295
812169
919268
213081
342135
716953

795852
540556
659935
128609
366817
512793

689102

527717
850889
430016
546669


175537
280993
157937
99
456611
615715
28265
542054
467786
413554

848084
592729
77952
239091
301797

923071






973582
885924


499589
149964
410308



595915
716065
895473
684993

831679
63434
228642
79007
683719
52781
536716
293688
231339

124106

319841


398303
654479

621629
576554
756573
78825

312610

748988
237677
407164
862442
453402
401279
540767
527818

637345
582605
611094
834549
273420
992997


121162
183532

154835

659455
317175

234536
296867

864499
525441

103867

626977
755817

207858
207069

387772

456147

586258
567779
582268

691207
374062
225180

980468
611359

24205
987807
971887
148294
141196
553507
272494



854285
185741

887422

257421
749104
800312
227692
909521
396498
340515
859572
39283

240443


462592

718704

832925
59285
866221
113949
757643
854087

942936
200157
271004
7648
497251



396113

920316

44209
556633
783115

561939

397426
963829
321717
440145

186435

428542
310494
462048
118154
880021
59172
347096

625821
534237
767726
204318

42592


181500

347240
798424
962256
351880
790443
71967
753843
531252
2006





335537
918412
973265
693744
55891
792334
865553
114847
140068
489570

6194
897019
619524

118146

109520
408633
558458
489877
761513


613911
159297

638686

223765
78580
494836

764972
988540
844955
325522
989333




55686
2426
240123
188192
364572
71187
396343
110596
541593

256811
210460
740472

622608
446265

370753
246962
989814
914746
274663
12144


179087


82242
908090
101408
57065

409140
157016

238246
500740
802951


811410

296222
49951
736586
35663


904451
277912
151872
84298
226812

885449
95141
350011
10925
585633
833331


73737


559269
864822
117626
741239
690519
303698
188645
311141
642672
6671
202423

506838
769853
316731
632062

24461
130421
636268

913274
196788
716763
684916
765689
151624
520410
85791
810345
36428
878975

201184
812862
241337
558820
845629
860277
110314
637326
625659
90339
316523

763020
359201

115995
949633
518839
917197

54845
765721

269792
460451

864014
514984
429541

589712
665998
947514
667154
292461
885880
654086
618818
447857
715789

503800
681322

965286



722323

311897
976819
46777
338419
667722
353166
807289

271904
342625



33563
622071



470858

724378
325216
723973
192929
114727
112112

694096
732077
436627
127322
303818
782039



752375
348343
557271


275141
792767
783345

982953
504953
55992
803540
603526

647802
328242

17514
112177
182904
59993
972972
403610
968371
230379
515245

963449

692392

723430
158729
484360
152324
119127
802597
449829
806503
689974


324489
722067
992205
256405
982550
792199
718157
445308
85090


200108
283537
568618
933914

938474
669813
784233

871053

179793
488676
579421


874564

509792
42188
717521
440055
44666
537481

415551
677980
668809
703991
203457

654921

661742
198161

106037


236562
111385

582464
560928

87404
745485
553215
766854
523725
306538
22558
946673

591657

559250
677022
691291

216891
135369
420783
652938
320095

684487

745417
243905


682411

313846
803251

754547
366016
576583
118391

61137
878118
101946

872771
696871

359098



488205
609363
372755
265197
343658
870994

995294
773417
516216

187829
988822
469824
889762
739368
163196

77180
306395
568600

532656
437738
967918

130588
884110


592476
39578
653810
711225
491668

243142

646639
306643
927989
56532

118106
411343

957640
449879
323630
567599

914048
106357

538162
89728
682547
837227
84791
645226
178931

399926
307248
129844

790573
276185

889820
427978

576867
127003
843484
261191

604551
231122


112484
263413
224534

183654
706145

627134


837789
598465
943396

887817
182580

769933
702127

830883




316177

541249
188353

109111
85920
975429
113151
112792
270122
112307
423832
854962
346300

260729
511499

652846


680823

743706

859811
617585
908752
759400
462822

401692
148348

402980
998988
961343
311774
599413
925254
563834
481433
308735
349648
412823
685778

904734
936864
944316
969256
426335

442559

852512
649879

960234
738505
404125


669370
582158
50454

883657
349690
881577
182135
729977

846278
130029
531307

171460

167859
692218

457382
891474
189697
407262
971595
616645
474563
211000
608859

610814
855606

648737
794357

691799

168100
743714
511041


915116
568341
6168
241351
744355
453319
814195


152540
305196
483793

813606

317358
656255



567367

170644
330745
666838


224240

768830
469670
529835
226218
58688

784028
638573
276643
301775


587223
473625
37241
592718

835019
951587

698643
334828

157302

848381

590222



877859
621463
447306
26678
282778
272844
71488


446532

100973

912794
952681
837867
582175

244996
206941
583404
900671
212887

320083
22158
59381
992527
577293
69653
625667


480547
421101
68037
159431
905617
509037

330341
482263

495522

595780
187673
303749
437793

439378
449022
777087

241760

907729
709177
817139



862037
177641
24923
861140
239186
839235
919164
124560

42074

957420

89124
654095

827984
97007

141828
90773

963828
305491

849717


351918
895554

324799

8110
404201
128420
653088
955228
610099
797131
639525
466038
789080

823263
978136
147282

426718
677002
626787
985802

273641
431934
870041
623894
876130
720019
230114
534231
992991

201837
42748

709976
335635
728864


241020


788209
724450
6335
943771

671967
322831
118109

58914
98791
538674

635012
818892

496195
666319


430178

457228
339172

215043


416925
499134

227976
518306
268818
117342
416815
663663
730055

132411
118558
721050
192554
136685


411633
900303
737844
514548
128332
399719
159408
22053
212839
447334
800625
769245



522195
710561
669184
493327
466764

108529
95181

792587
929585
434241
679995
685896
780683
433722
7929
732026
515367
569437
108167
980164
718762
772795
31168
56136
673010
453135
209953
222763
379565

883368
431487

632883
213087

618785
179513
61489
225984

666185
101572

819097

815109
831132

215386
851892

80505
319268

392485
158855
823627

643918


186847
112785
675578
611076
64102
505212

982025

482675
356152
738022

895724

11434

610404
601572

449104
868212

560203
729518
327004


547864
790850


143212
508147


764656
133804



509067

170512
854607
416557
760839

456288
621367
582698

211368

902210

78694

672656


15574
106128
26548


618589
601470



769530

968899


277410



331124
662591
916367
651609
60015
529696

373216

923983


897878
893795



163961
493231
564320
156097
359768
665819
922709
180865

169030
2688
257367

929667
888813
137259
92687

752897
681374
248713
292127
504603
981935


312761
10080
694187
293693
36988

300887

879300


415968
651399


946776
357406

428869

524269
167019
451042
7297
873381

644288
156319
72140

868247
367700
282227
832425

262492
413662
70205
55696

916735
450970




450212
579196
717105
733545
224876
708698



942441
418940
176479
74448
533764

925404
824489
299672
632968

826618
331501
392713
479941
114550
198425
972751
88914
398271
572113

682695
572400

159107
538685


292834
648675
778041

129285
152685
131
646546
105384
953296
532431
999453
535315
536472

414062
381940
912675
82090
762881

39770
80250




33701


505735
184277
887038
970653

318821
235951
700639
513527
191289
336434
370209
243502
928326
804633
358677

751136


724628


743809

249548
536477
394276



586245
661392

106939
190725

449116
21147
966045

634014
30061

693714
62489
653786

707777
681278
287522

679030
369241


267420

617432

907875


253772

589305
340622
613638

988845

712321
541634
383678
509144

109137
102199
498063
878678
488380
122211
908413
589419
673299
294276
489795

723330
81262
894309
615618
969968
872050



660368
142026
132887


543439


769236
577971


19971
293025
746667
743377

596243
700185
985587

811778

863994

621397
933531
220263
722245
485747
962968
364610
298235

128039
931266
68308
82074
562712
703536
155567
338054

920433
719418
431300
864609
469751
115858


489137

697278

456126
146514
695103
295418
499939
807739
26083

836561

246120
129350
701899
841650
549508
681974
480258
662621


295787
966834
349728
820239


261555
560619
788930
728955
350805
50671

48838

553113
262853

598263
210911
677760
449230
893815

197785
857572
178933
795311
529437



148316
718303
660115
923108
926392

133627
942384
30612
643754
594796


418719


794254

29574
795341
83280
542011
286543
603433

73956
419459
363130
649512


569032
227605
252735
442149
527730
708322
951005
562157
913399
653217
201289


769781
131772

41665
688612
169677
16047
708435
803703
97514

118180
798528
396869
507098


734756


3992
419484

30949

338201
310891

356397


974010
859129
958921
732889
285490

558210

246941
188406


536245

713653
225963
960905
96470
468667
285388
616119
714251

899917


103612
161552
240903
401361
753052


574104
982407
404
962844

86676


947408
10293
423010
805020
302060
313244
341348


964926
273432
368857
843707
807068


403276




845353
717765
923215


634209
347042
533240

200735
533556
107406
751777





691181
966932

704838
845760
697505
94672
106076

251744
56043
303369




758711
577767
96286
935570
353925


911126
864504
477322
743487
681034
636423

181685
338555
500729

924936

979494

423463
762333

342737

614638
951143
394724


25991
851403
134373

670579
817436
29479

482483

864486
16399


728475
126753
371028
487511
583436

127962
38135
628532
797927



512640
458494


777548
671608
633713

894234
601620
700234

489580
768624
23867

59895
401470


377601


506551

159064
690618

178324
216674
681149
729014
578349
709935
498569

557279
206641

889104
126318
293994
734462
569721
926438
757997


368037
997044

432617
310410
842399
701429
497969
110957
120575
644048
866286
177584
393858


400062
120133
825777



59959
952488
155937
654915
870231
987108

378348
116839

393785

969671

735769
697214
498737
285800
749350

144427

815962

598168


316300
419158
860422
529841
346265
124788
823604
744758

158235
566696
665388
525031

931503
924551
161329
81870
940998




704

319805
32948
275010
460653
676026
374947
488880

460608
396446

666707
771114



53471
434556
974544

955058
773238
681793


707130

66331

980127
789038



980115
831381

723570
771950

5517
364950
56503
100228
733044
545908
602238
399243

451013




969227
90532
623515



308471
440998


618334
880547
190423

486300
153814
96697

978468
275284
554959
372192

958007


105121
331337




136692

260683
37068
301036
277335
824856



752051
3673
354997

910171
592585


892864
140678

736675


400377
705498
332982
997681
925630

304724
385895
106496
19892
314639
889923

153008
782188
982811


102985

750470
300165
269379

251707


653050
277585
460710
642629
656249
731229
467940
255839


160145
225563
238995
456859
438316

320650

909307
526520
658796

61802
310900
367717
769177
585454
617629
499842
580005
245777
689113
98694
862832
880798
245496
424133
317797

505089

4806
532388

98128
742743
416614


222989
702043
453697
168529
845293
705184
615079
693401
441943
573080
569662


392090
77553

450245

12974

377321
227583
121836

550083
405044
949846
881747
966608
745748
836044
860898

766820
253536
91613
555462
51967
654482
933014
357925
978881
120746
327228
294435


858371
257062
451151


241364
68433

377574
438413
962878


493528
204919

823895
45442
514824
538913

510263

788286
647712
744844

72940

718381
723724
683392
176008
680123

253211
708435
350303
618653

839875
942510
412168
569322
764839
593243
435597
296991
278871
583256
821475

973088

590743

651925
635225
518976
997278
922329
709630
8452
510186
235236
972634





973286

736670
656918
233163
646009
977048
806734
790115
343888
694440
970042
879455
52954
552672
184735
817681
939542
487696
994331
778791
976296


219131
25107
624771
891388
479450
439940

325180
618262
161406
870030



184561
526993
64570

528304
103173



212878


65000
644882
859888
450175
851905
162118
831275
65830
764657


143207
169320
126020

895573
35639
976718
401228


992085


737547

50397


480774
52405
705612
442950
298869

643708
968

649411
460263

651566
886512

564688
437234
510981
220405

182354
465962
903780
2419
366423

138532
45556
608271
216671

143781

317235
350658


737251

26959
496153
349059
935631
94661
654352
451935
27085


888581
272870
923682
735342

338344
559878
412341

898161


975763
586202
823449
602082
356425
445230
950058


715055
672627
54392
336582
928480
539524
6663
137242
469362
639378
949715
476545
872421
482141
275354
573573
54118
699157
298643
70915

346319

102253

728153
219460
558001
993185

953408
492224





738497

80024
500790
595038

562183

151167



267013
5623
564436



199335
109683
370175

385641
415853
784881
450827

797230

437125
406103


431788
990692

396327
936478

89091


310441

138521
442905

864561

756694
612414
527434
112849
993132
657161
928703

730256
724473

376155
328572

114481
700173

545587

818301
147380
156353
234155
971008


680178
471253
185860
274557
727221
969639
987809
981876
311019
325396
404569
989560
864295
927025
476286
895365

866705
658381
880351
994345
194599
929174
849457
601756

546678
698734
703201
861569
312390
912083
731453
997344
726632

60643
448868



647571
802562
708613
70770
791781



966078
727028
406386



600170
667607
524729
203555

839388
447871
671676

703590
908866
654957
663391

309640
896449

664633


328752
887642
300440
604499
995660
705026
647804



904690
466534
110437
233145
425527
5287
363509
424817
455438
812244
303975
193934
844347
186031
628314
491296
240163
364332
294633
202967
772013

626853
462495

937343
16938
361629
416647

711430
434680

754344
189649
848858
854823
644664
113781
805483
59110

147154
476746
620306
442797
708274
792241

615732
107765
996144
205354
670066
860159
458291
868638

254122
795667
235828

988575
815011
459643
388888
826323
361929
820534
345643
688457
758968
843294
939329

410633
319950

198405
681783
796438
401762
225901
764334
452588

829566
318276
275
174398

455841
102796


619647

831321

33175
209617
42964
838452
212597
83089
346897

792670



260590
275834
146371
847909
759322


12807
559593
495027

847410
508575

762193

969807
712404

393775

571585
5828
553272
12622
390744


827703
205151

871697
457779

381633
820985
920791
12569
36617
509909
670745
294899
790857


90146
189722
212126
956226
209624

781239
394467

839449
65734
131704
50483

303268

711974
231807

59726

225011

508782
440128
269899

534708
279029
98968
802551

966392
78874
387633

486947

740574
675916
960636

323016
113367


667165
954324
136987
440072
971130
314249
959431

705806
519019
755962
995203
164802
365596


519434
213926
195991
81404
154772

274347
879329


878204
373028

930006
28848
259481
587746
625476

844468
667207
603486
88051
306799
535975
460730
201171
444255

643212
354866



161684
363407
961102

46800
55850
433706

387569


192864
36140
402130
475440
592212
871499
96648
604132
280251

112088
443451


98067
304951

193496

459207
581917
848940
383864
704930
199427
848876
491517
850251


751038
661160




732930
652937
723130
132279
28116

840739
235843
668579
80640
531615
427636


238700
418008
285429
829327
210320
36593
298189
757427

387340
623035
109374
408725
849696

665635
734975
835295
575490
40157

334049

274135
30262
394871
412506
4603
985223


287275

787371

818946
381085
976892
219312
129047
600592


394102
679096
771912
684340
638815
679823

916895
147178
993409


613321
741061
189131
972634
470699
477948
31102
563394
33025
934916
85008
239095
49988
964437
413161
793150
63270
515176

897945
737449
283586


234082
291666
514217
505320
720994
712971

530168
625412
528217
262241
448135
607592
997282
875767
437263

218017
455165

648377
532897
975068
359531
17256
900066
553187
770529

899604
632968

231375

931812
966008

228553
652352
848259

372559
73085

497982


455374
839124
977245
741863

961675
811775
882654


795632
895904
5803

589272
139410
279197
547740
557636
357061

433344
770357
637454
845064
421609


116340
137360
24599
397681

820341
419585



915912
185910
967911
292638

196248


169267
604005
31517
594516
674166
606756
286218
924865

767164

578898
877213
806771
310445
136309
628017



165204
370623
453137


624801
349951
549969
763867
673658
519414


782109


294900
713151

674702


980117
324942
514397
794285


535235
194780
107188
100833
257593
396703
703043
909650

188011
186015
189104
266757
115433

776304
328873
807736
113109
390186
156870
550086

698967
666077
882822
934359

840972


172520
207900
347042
635341
725001
237864

196827

160251
840317
408424
339967
91798
892219



705225

894650




34560
502173
317117
404110





88228
40715
280808
815974
380259
312029
870527

641283


769734
9863

998970
243108

426916
643274
347130
617976
232418
230925
838008
323164
320394

929188
625577
852241
677045
635957
728720

797969

538072
171936
780484
46919
720765
986585

637125
152420
950620
344775

948415
979020
234460

34996
487075
833427
867713

997670
684061

464573
447513
270323

85763

786801
214927
687506
175315

171090
213827
180152

775507
43390
161392

595928
43182
658054
556331
547310

268907

554455
379299

677591

271462
345500

268835
648225
759836
990229
516088
151843
642742

370612
922910
716967
714648
507751
15044
369269
295828
775547
834215
734919
366103
750232


877351
362653
935305
931194
275135
312033


432721
625709
637662


957230
998456
472313
929474
395711
698913

80936
146884
846336

634912
549554
893907


496413
315413
60508
541365
911443
677049

750850
198656




212048
81997
634412
85846

896655
745819
829619
788311
613616
352878
500088
521691

601848

815986
840162
843589
765349

436414
165633
599506
637896
164961
633911
829750
446627


555976

417194
523819
239366
91284

704806
395159
445278
567561

663362
899169
75350
55711
971517

870497
381902

613484


693978

423466
639867

884710
775213
817870
658428
248488

199113

674687
794646

382871
872227
511164
650181


873163
876341



623037

847130
663503
585214
845760


563359
997693
734096


347671
978486
841390

413462
400407


362498
775360

885940
240922

38012

502046
465520

379043


548906
496238

450249
584324
872677
227045
793778
761378
354261
329450
317747

957909
661175
506430
969556
215018


15267





152064
650384
994709
682412

751625
2625
738486
186577
610529

576036
621774

102128

5355
810614
275275
418824
168369
127888
389466
491838
723045
387019
966691
810547

505820
324524
209773
763704

750984
169446
766867
203765


209277
171786
526114
812525
284753

161311
626455
985151
332158
57647
238419


175093
24416

976363
484125

104261
552773
434262



197138
926176
850586


599599
433310
641381
788536

492312

865695


723530

104208

59511
154835
857046

702515
172043
118113
63566
853746
135696


493676
704116


964870



555699
244579

525188
388312
690759
125221
454615
236068
850928
749072
261677
725881
422669
52588
25392
451351
816430
113283

251346
210359
918165
76974
545027
583620

664057
9074
659823
935459
229991

459672
940078
778781
868087
894326


82932
959292
864814
920135
456230
194167
49583
467692
418326
509535
120918
277285
993783

46334
330956
154512
652894
333143
122742


900581
230776

6428

667856


334257
161435
454583
894027
604671

324316

760638
831274
204956

725268
159041

99402
244780

851916
121400
124771
59044
678543
992967


732242
296788
422750
586074
362231
964912
80675
206373
434967
574945
907856


660348

434583
271776
616303
445879

430670
241962
136831
534581
846459




809917
390893

130014
902792
353009
28520
42725
612272
495751

362715
430184
632288

243111

733119
993165

124990
93154

204236
129548
943445

71964
32833
731057
233361
484648
682274
714413
987040
173275

912661
778963
284791

923666

253717
416081
767216
832971


456158
717746
918677

711538

405339
324700

769399


390851
320855
270739
27720
258344
29415
433874

261653

939573

917419
404387
434755
844528
428246
700065
719285
392148
543054
154898

429805
808724
381676
997285
377827
433109


397757

546048
370656
243247
802357
105906

676762

677862

494792
442895
421701
870076

467041
815036



373728

818714
895035


368839
300141
916549

840890
20456

475258
517839
504305
164024
363681
93458

785928
22381
934067

379905
698451
846506



644343
494020
47309

374991
558328
411898
51826
282098


301914
895042
501328
438147
368354
886969
676283


376059
158010
537215
726648
3623
219308
555591
17056


730238


807658
640928
478589


123964
620065
20670
960731
833528
690341
890563
494371



475194
304195
501086
188301
205237
864890

105886

117668
403954
617900



242122

275422

410789
753352
446708
5466

462183
126447



391984
740661
512880
950770

870287


968751
915250

444764
600129
946530

727821

761725
802704
413736
332688
496313
612518
679897
385340
225909
611737



230843


468025
389398
998480
732224
448257
184126

378594
345845
272800
238037
698313
888632
137135
25837

312629
644530
437703
694420
730287


88694

371231
43109


760630
525862
858619
872028
874424

839969
494044
742883
909805
660637
690528
917246
302816
956621
14164
154668

652628
149785
401058


772799
199001

527780
249394
867020
549020


777110
355352
898801
332428
910878



208724
728240
557578
919702

665210





296840
619739



457384
155505
255708

924886
835
533015
457663
575063
54414
786804

981514

717453
521914
849467
54863

894353

338454
566837
888855
6399

819086


420744
363298


62470
214688
322769
128467

221804
204252
47156

388346
475282
12778
391083
801943
585944

241551
98116
769110

671191
989386
659531
792023
946475
147030

770715
27068
301559
129174
161365
109815
41219

909925
88135
552588
130704
185835

898612

716545

380674


146589

784545
396289
176329
436075
463917
712959
706725
825134
997324
189178
608398
566035
979740
950617
460277
939887
112763
822011


871769

874147
122039

894592
702000

492073
127583
424421
453192

126674
708204
829621
479344
565989
605893
249132
988741
988404
57390


66868
39854
24983
783837
199934
606263
137351
780905

12792

925563
69768


921494
767879
794095
901000

474415
329904

797100
700915
367679

815401
237930

37077
696874

406777
460366
710928
450473
791505
492244

694931



895880
364667
202189
811327
656280

898004
319286
571256
820204

1791

201759


662675
621773
397793
226240

278092
305384
873419
745533
160191
258655
667358
248983
100587
823082


211174
554271


582989
52717
33952
277392
283525
943339

271419
683480

458164
190012
266769
616407
519670

694746

486565
652
718266
75459
812264
153845
737533
754088


514888
963933
953133

397806


399776
474564

363833
763302

732628
334015
461114

269920


689903
305660
736352
69037

567026
745373
320715





685091

81613
138707
422850
911055
681239

132953
7596
103920
160337
74106
691235
210231
791194
717687

699355
549363
353913

977932
292151


517218
377348


829449
653891
894812
652405


613686


105669
765112

615753

474145
454624
137959


370052
577393
733709
895817



57911
975061

929867
315530
885008

184767
363660
504654
274475


736014
171912
712008
660172
586526
718445
686805




336759
898816
147286
278021
473243

955747

424098
772367
992512
773753

292361
759654

638944
61690
370595
37616
615882
330225
89010
471241
752078
765691


557812
615589
856938
214559

107028

569592
163096
194503
139230
205392

399287

515213
629430
510596
266983
37599
105685
475656



690225
951329
262700

704865
84482
239717
472582
973798
167021
149231

491751

842572
578399
712828
701832
121451
50700

949802
739375

332625
809527



32802
772643

720883

53073


76207
643567
403121
874061
543755
952978
69161

764140
550337
456128
700827
932286
532157
851570
868230
352453
829106
688771
661826
463915
608830
854901
558298

219272

631305
171412
929614

445621

266180
960970
796158
266376


964888
531397
517161
343386

303890
855362
243200
235358

237932
987741
509334

285379
46121
386418
672541
720982
16692
195017
161879
281075

160463

175406

846423
595579
535765


368441

477897
998898
302447
669530
117499
863340
501801
364056
12715
797903

597869
867886
199964
880823

576296
569343
252676
519104
914259
154422


227507
800651
530460
381601

288029
784766
120626
498783
517333
32854
370388
145389



744670
113806
487780

912553
469556
146178

360481
5478
14729
169875
277276

851355
165948
182564
215032
247943
75254

371100




982238
846139
971615
530683
510213
936083
19887


34418
585345

275582
53193
539235

794407
416249
52248
131275
309895
499597
867087

780915
28629
644060

622495
553862

513010
387257
632672
874978
296765
574461

336118
327760
44674
704974

354430

377257
44947

975375
979305
395799
601520
808509


150093
964259
654260
794308


278725
876419
246432
477189

320426
197979
878750

273850


375486
114035
187655
777446
675228
390500

998539
158280

704977

312691

549198


693525



421300
362572
580809
562682
155338
38520
623212

352781
919000
749171


805657
621203
810548
926396
464071
80809
146827
706505




206312
732189
499323
177187
412328

233973

802694
248123
143713
582369

435639
103461
132330
884358

547834
383387
136937
52860
841096
563994
833512
162538

857878
700883
835257
494590
654761

739942
344434
777934
809640
462947
55037
953632
974007
78880
1256
905524
757040
997449
736078
44572
519050

326623


847523

208760
333523


620998
954656
110642
959553
246388
868555
525487
511662
690185
833964


725791
861452
415349
96350
306950
633923

563682

495488
38737
488879



86809

320508


976159

524687
74019


805082
276033
993260
459846
268397


784214
211490

960063
965468
390804

233673

857606
35949
522637
523245
415783


