461205

516256

671496
274496
313472


560212
924514
302094
468052
453206
412120

753538
227642
390994
593564
875790
369026
644742

958091

407043
732450


213661
469301
114573
181772
725519
299561
306237


376269
760275

229439
141403
475495
789508
273352
120489
470472
828414

705704
686528
906736
92952
339475
555988

315584

528068
256463
62386


799515
302194

663429

323205


91316
609712

932443

937584
173010
450375
365134
69809

97860
342126
336297
412875

832918
945424
201656
85294
715758
573986

460160
212591
567829
327390




573565
379670
808095
923292
868516

138939
805934
603007
65162
451935
209842

243528
175908
369706

481268
462071
780617
192814
315697
838761
878358


180215

904635

279343
538628
356651
931452
356447
785163

467462
333910

833633
516955

41944

309732
151463

345272
223535

4041

247797
222435
887449

890414
474526
480057
840446

837474
80432

979806
542332
563541
549702

956687
119045
967227
842622
738022
467121
477852



828179

689652

920906
442246
175550
306345
756461

733392
7083

450486
97592


578610
478766
385119
31611
327750
797755

668416
162027
223143
462380
815020
66305
110377
23721
679349
279169
250482



919325
870697

822931

983491
183720

634125
929812
372013


320825
474395
541091
454344
343513

691041
558549

385526
6667
748756
612760
417266
346950
580775
550971

6856
286360

653150

803112
114177
672090

355833
60936

40295

864904
142988
135129
909468

193576
349008

302558
803951
831206



644429
585802
623796

927850

691396
361364
671520
626922
300291
767335
68886
550675
383107

18120
950375
454540

527291
950291

196639

50795

54411
407441
833261
644603
603856
263705
504517
215180
60723

636267

597369

245331

246881
34154
43880
74215
555427
85866
546290
736962
904075
626441

771980

475339
499993
426663
107267

787022


701016
885264
458060
615108
219592
100295
856759
961771
878189
458347
939303

183340
404622


724511
689801
357210
728703

341291
589968
663612

557079
651204
109092
495687
348244

700646
402303
403618
362718

306713
459733


886259
811269
507315
132638
547791
268295


605923
643899
420301
253239
396880


592231
96382
482712
301749

717547
288595

5212

530028

865330
926201
570844
313358
375069
407493

130461
42874


592303
778342
821913

547141

736585
328512

452992
178476

650374
210368
187273

53149


386048
418350
213508
302088
362381

798577
610729
472651
786702
192525
288901
280191
424871
412319
286207
683227
51080
533284
553337

75598

473627


197003
166561
10562
183756

319788
483263

536849
372519
440932

889422




170760
408502
769286

945159
324758
366187
719225


444177



745411

763000
795721

593701

523360
570176
761499
752571
117306
689628
789900
173727
157115

671179


167827
628911

742706

17630



109195
561732
665135
99988

758913


829680
693715

778416
935958

727877

208091
276545
755285

995523
580112
657291
743848
603725
336015
994451
7520
99027
158414
582001

65538
224234


160794
811603
25174


237344

620111


269759

548349

58919
959582
138455
794137
165582
937625
228826
195398
147637
587620
560921
50411
10145
608926



798513

661371
950754
522242
792739
809660

188305

607206
343762
947013
413887
230388

562325




248690

312284
375485
483054
624484
367748

988900
408465
8790
96931
558085
451809

960100
334001
858014
192133

717265
16453

133760


368096
914882


831517
716409


446691
826840
981797
906501

585097

852568
491498
580112
288448
642852
567344
218703
167447
702564
824926
965594
506103
872685
960469
546696


10939
879313

502338
539488

696058
547385


72420
324318

207287

811046
20397
938173
65730
186907
34609
877926
976390
89259



621582
965715

93276
813456


320980
922711
80050
155182
131753
121582




771443
964188
808062
250369




151962
353256
476025
469069


185794

337857
711371
719677
865170

954106
397319
916968

86510

785416

408593
187902

993325
296754
522358
269722
401581
613955





531118


830366

341477
490238
269335
371090

69646

592719
911228
580869
661652
326993

310874

250115



524018
857983



371990
68800
143270
162036

524871

495954
285947



194753

275645
156804
40005
359482

350191

552699
493228
946811
384283
902370



800483
117784
634921
939553
329821
854200
99864

663126
842817
219529



923320
36653

35197
696731
279294

119130

364626
770417

408362
477216
899592
331398
265626
921608
514483
195241
470382

948274

451683


405693

661126
123207
614796
348531
760212
995658
249335

985984
53213
194346
929801
929466
880526
445972


178335
417497
541544
846099
869050
553549
287536
297987
170664
701491
548952
94944

839732
294581
715059
606194
53220

560284

38060
881321
905372

495987

768545

948875
14342
5177


649228

205172
393223
744032
637808


979119
695827
125358
723705
203855
984825

825948

584880
202460
146979

598394
706476
299565

991963
799752
149890
511373

715783
470668
849292
678240

79715
116443
761175

879147
962699


183141
208927
355230
8991

980096
838881
642263

151643
501947




538417
105253
144502
761088
337008
57453
176380
186796
700180
455440

571635
777323
326189
684378
633613
878209
423778

184935


987397
256888
910756
478420

284601
805543
623918

780722
15346
487845
558775
649270

315603
830192
679884
582293

796401
641747
19409
280338

272823

718854
522899
969521
87977
995771
627839

351532
769570
811922
958786


86745
102756

422769

82924
257849
544905

785557
160043
987125
87844


915767
663892
653295

315014

682981

686547

544448
648937
755864
241325
888479
982054
838222


999274

471379

566115

586297
378342
577836
566334

369030
431113
780069
356568
142735
58271

444168
722101
898653
411338
73836
565121
405243


590309

744305
696346
856525

22804


586049


76172


931561
751455

844789
910119


937785
202657
796814
877157
335332
675506

752242

462233
26905

664240

719338
59202
854232
758


978953
56460
163280
104912
520644


89171


890725
956851

945770


479885
369028
965710
463152
5450
462708
101925
906016
354279
262808
546551
527806
982748
751471
481035
491514


395494

518346
651608
253454
329915
200966
395288
14582
729748
375089
448367

363271
544478
223117
100153



159539
179427
981966


305703
56514
422613

48174
924130

337208
854663
758916



784896
283991
509523
654178
992763
732676
478540
642890
756374

24549
72435
828869

260283
419236

955647
955542

348877
81235
456593
477508
894853
447017
295599
905793



765032

475621
858970
376364
943950

760942

901880

174221

514054

346408
843689

768921


684340
609543
55464
217398

247243


323125
581531

151399
63797
375861

261627
181751

623283


183520
614142
388091
627578

794017


759548
134273
851618
919785
41572

297934

747514

635352
461710
582582
433438
63086
289373


378380
630091
843311
495564

453752
844967
834499
877114
756740
189338
458199



845260
488529
713099

954069

719076
363474


620403
557457
177040
325476
677380
803955
407469
876157
661740
41062
919672
297149
500423

372504
653671

503372



100557
121947

519180
501118
562589
861941
467858
869821

44690

194765

897677
433425
938302
342384
833109
968281
224258
953252

718010

416138


677638
647427


328616
116775
508133
423514
438029




43147
76611
989038

527753


217032
404645
415604
964081
734428
360711

178223
77345
382223

996980
607239
996659
535692
163562
858530
350432

659190
43933
147104
145067
9619
47130
968056
308618

427845
576182

742396
737138
382781
569739
486947
118724
62134
929295

394430
592845
343771
90349

164505
979712
713845
139607
524945
72941
214015
749540
301834
349988
538229
709834

415542
437948

797704
869501
107783
23663
786356
975074
919630
629982
368095
678743
87915
410358

658665

796036
674354
238025
179510
553146
21619
358127
24084

548252
393
860332
331316
531790
101874
907572

201790
842211
290632
651630
596397
646614


848926
245249

333391

199736
807420

967287
158995
547146
331354

35608


401331


506706
278373
401266

800270

632638
887115
135151
678739
697883
662370
448701

499897
187940
694785
881893
746554
640115

77947
375613
284838
329351
768287
361684
179206
849632
14011
103419
25172
223147
865832
620864



123201
849525

403728

329248
423559

492522
487960
346758
232820
638077

177916
302661
63956
302519
670933
495028

982550
383152
244893


380616
882890
489972

464610

987153
209701
385737

482875
913337
477235
688061

388744
244419
887295

646296
826048

381520
620041
620492
184140
972942
912011
26167


84150



916872
281686
827092
321043
962415


610656
444015
715684
858721
341785

671431
982726
137886

907469


149666
990045

199278
372967


966836
334147
973035

387105


937096

562343
26428

998863
813391
783391
778942
724044
444997
243395
369070

70546

688459
680858

528784
810913
494088

910871
135575
482094

435766
951329
841857
901652
257380
835687
718016

510392

493204

519291
938510
550479
363668
766352
869953


506717
328676

613560
31682
474505
226528

448966

324417
467823
513508

397181
86336
985474
529156
833770
942824
272509
935181

941100
839590
53574
371299


199573
825033
35189
10133


716702

647454
835082
356855
176691
776758
957535
283433
630902

942806
918188

699809
339243
36356
595544

264051
533403

837703
340049

923335
44544

488732
291929

930064
669382
73390
636574

494310

155405

615268
916333
710048

486227

196992
221104

165832
804258
852523
357229
197701
444626

542795


367062

39764

510807
683304
163502

313926
148629
637856
537981
830448
912896


136305
911482

243968



761189
488577
442922
664652

740959

609400

396139
303692
77805
367057
948302
99119
3769
610976

695623
23672

465093
307680
472018

679779
388533
755587
887254
69162
881007
358949
258883

558816
809088
661156
611666

881461
80431
284574
325506
828092

877240


419317
412413
817027
200161
492322
501033
8050
415072
537419



161351
589896

200077
953672
86770

634134
44723

828757
604995
996232
789168

953385
508322
393833
762160
709259
575851

34455
849791
473938
970643
137598
847413

50993
767913
588629
131739
625700

797754
924508
491380

320603
581106

370384
448831
144210
460382
391482
676176
192247
139306

425815

605234
892627

31599

37466

41190
695366


476523
13199

457601
233094
354626
510513
653287
8360
936998
98868
894702
580345

579966
565520

613
496729
106717



390814
324545
230471
474209
561664
277692
724874
152249
714158
222054

212761

109641

102195


593631
177816
899471
994983
771939


442357

570928
748633
385521

784900
640206


395241
661711
695142
974823

554394

556333
56789

843791
144257

170068
681101
240776
186446



535109
778213
703012

623281
410560
122825
913313
2697


830043
611511

514714
855079
87116
454756

391596
548473
372508

429626
194174
435544

713496
11510
481325
546508
371419
476211

546472
350168


266133
787460

682519

995858
687318
39211

503604


915520
994177

673242
722663
119771
936480
101885
968120

22213
33850
531220
769926
472166
330994
177117
29101
237333
673262
742751
405061
653409

742965
491612

613926

775578
477148
9481


871804



97376
766081
240199


714920
681127
857003
520249
593377
296120

352292
719578
379122
904010
151247
482209
902859

793620
790844
874991



420692
970010
368118

38921
552029
694174
583539
332659
299301
19950
90066
286814
268742



39927
667713
996332
419584
511716
230270
768272

445935


260632


155482
702572
921208
971883
859939
889068

842082


650094

633871

899072
992839


154222


739658
979247
97273
474235

624686
707999
729057
126121

448501
677608
306480
718556
569266
626393


902154
631481
414503
318878

744996




734021
954435

554289
521991

799581

529220
102569
62638
566650
745973
598725
663149
835779
303245
288766
112083
59692

45553

178668
544297
649063

527501


18035

170204
182813
755622
295021
461800
794909
454123

309266
422931
877363

942270


11333

85322
500489
174434
302655

711988
47983

938104
965676
897754
734732
906400

822063
27817
476895
70630

811085
468973
106049
291299
359281

49627

99327



54039
418429
569809

323919
124474

582828

325482
156152
105573
142983
517824
455423


857587
745057
421574
861918

883061
177551

628381
797299

399104
641123
410337


18828
599262

749189
976783


110529
799438

376730
701729



892246

511541



183584
780075

10553
101897

770975


894642
129865

217999
94601


129158

218059

112722
288962


267689
569599
658426
289360
102481


441131

215600
451011
582759
33071

888109
50374
383424
593895
789556
513307

997360

694639

625311
487497
667541

22422
798587
420933
129749

653446
554151
153004
722517
653449



383015
465895

890099

490238

681983
81556
498720
32293
414721
49991
149274
332194
793511

744092
167223

744657
551223
273608


782967
600915

635380
454675
729026
993092
357676

747300
829597
61


28925
818360

19569
918705
263461


94503
915285


945646
439963

991153

637938
844666


40074

199012
599316


301699

97392


473846
110026
487200
588026
201404
315064

788352
21037
836070
838431
571433

756981

377864

550005
265509
30743
796577

655744
96428

603083
158483
66414
625007
12792
470239
38994
784618

269715
736522
682934

829933

727538

539


569225

48854
59813

558542

207884
457590
682141
483143
198905
513424
416720
345009

995886
443966
983730
330486


872922
291716

735967
961376
488700
881326
145184
603184

741953
396098


629570
408311
493959
597341
332446
644206
172778
179995


10471
353094


286378
873616
755003

85136
221489
978220


944144
541012
890735

185554

108573

686877


253121
876362

562217
55514


909486

677182

906514

236366
226312
276892
460975
263761
768837

847172
993234
208726
218892

772037
735150
772176
248102


416855
504747
277404
648635
622952
516000


395724
92488
195736
921994
439007
663621
898530




433074


702966
590291



57881
832189
820100
195702
427500

412117
977701
237268
859033

275630
328599
618954
882146
932695

516975
220357
313226
367595
718675
474626
700107



766196


444458
913680

660090
814770
184450
749695
281146

614631
789826
285874
23642

950422

867262
857261
588276
540014

949851



15178
476858
573254

366572


133987

425300
983573

851881

259108

859167
492450
78178
859862
187826
515488
334096

6142
632040


870066
362672
497488


359731
511912

825932

116273
200266

878955
469160

251895
659677
851092
860360
682779


462030
315608
286405



543483
463872

438278
802844

529803
444439
708982

74149
679210
154566
963068
691623
770735
112457
44363

16085
218636
729871


970325
472384

801728
774054

777957


343749
230911

62562
921818

520098
348806
32176
303949
865950
156581
267121
459801
464392
562143
305681

605538

562398
256886
833200

880228


246206
486724
393013
990315
841246
721622
82852
209538


558027

55958





714491
249697
787609
777057
973471
895753
515820
505858

474400

197125
357009
791877
633149
548116

992831
637132
97758
844888
519112
549925

576459
821405

395814
771803
515828
303341
894159

599702
333705
9686


789258


478286
203848
267477

611734
829360
748238
466534
69663
378687


331292
829807
628186
328823
954534

539525
572028

861056
23173
121708
651915

343345
293579
756518
392728
95098


143376

497015
216977
937034
140208



829702


482051

217655
580084
675760
107734
716340
388823
842526


650686



384733

225410
241137

848807
463904
569585


725553
131692
897416
992255
41056
134388
426029

423901
946129
41485
658573


341248
267825
733170
81372
888247

705469

217582

315880
214221

754276
570761
655548




104217

145303
961880


769692
611305
148526


470025

437608
783370
49503
272504

321518



842060
544715

267468


560671
219291
899590
183238
495987
484760

513834
402518
559666

618137



244769

550085


483057
45812
886871


831153

214517
154155
576272
248336
591729
301404
538975
570915


427150

801618
608401

206193
429471
244783


63111
359121

712520
109263
943808
164539
865731

458450

395280
511329
116488
240615


225336
882936
288415
255068
513403


586309
18191

219447
307885

443430

233903
629176
850195

907050
168133
281874


565200
673059
138645
908139

845107
396016
665013
93416
65925
529539
147654
567560

403176


782612
935551
416582


515305
864671
568483

883184
69951



145726
966958
86155

347801
971697
670561

347305

438524



444646
871483

462092
892150
87114

743212
192121
869050


246881
761226



605434
304631
229750
944616
247130
461878



919227
747289
499591
243015

159959

332915
34965

938541
274200


747130

95706
343501
560961
621017
494489
148357
540972
712433

403992
967087

675592
379285

892524
42196
25847
75452

333588


388621
845802
960475

39503

658031
47080
132068
478861
505509
55379
712887
64495

785125
294316
194567

549655


758599

991893
650837
113718

371342
699762

740888
458676


124450
255013
157924
823066
2102
317350
529452

326043


310130
491889
209344
169075
230460
903883
849588
21673
964598
329703
147382


376968
496411



461294
863458

500140

98390


358354



503984
529080
21208




663942


337249

783058
716117
794572
583707
890638
578061
467431

185089
826172
445819
457156
157940
574219
466345


561002


251984
420470

130798

743209
159007
512739
271698


587677
606954
358059


270290

920015


19088

137789


135612
273627
199623



61941
988628
931987

801966
951989
506741
579374
990660
571982

900388
91091



134094
91449


172072
929950
251314
633748
307766


537433
460930
192534
561798
319054
37563

591725
782610
807262
402373


528922
233082
96871
904349
544838

879497
891577

366039
179622
677777
680009
549588
340738
300929


626793
600230
888165
328615
633476
422489
608142

434131
178860
60858
805678

923344

746250


534276

494231
776710
750053

268625
864468

686578

427087
811298
951596
742690
796095


985806
496172
830036


476046
387857
863202
137096
671307
549147
330401
924429
650838
726040

825060
220329
857956
783401
403897

330508
111562
948080

163310
322423
218674
781473
552721
155853

378137
166827

793384
157459
909460



219689
431861
852727
538309

117706
371134
870460
355971
317845
735405
574658
47719
655481
654592
792753



166995

964410
800036

785544
517256
836367
639805

91269
661976
811805
244854
154225
11134
303675
878171
632096
168825


883851
82722


976270
658086
717621
893563
308430

802073
660205
470062
210568
213139

673412
486527
339500


85876
787907
387559
52568
616707
523843
401370
272854
274655
182089

662239
894677
79714
368816
285122
269486
899798
680701
429077

305508
87375
328160
522262
515600
957372
762915
928541
436371


346454
223456
602446
721754
744894


829694
871549
93386
525842
928073
301157
255988
652884
786428

270913
837024
35431

993010
573778
927521
707190
797098
201098
243453

322839


86974




956476
715738
16062

454098
883424
887016

631751
729570
146465
869562
263404

32021
885588
602923
469760

61879
629961

816302
496091
548318

205299
470622
470237
52923
187867
376169
258448

227296
530966
462079
592853
934583
912209
937772


96600


17933

107324
767716

271908
379991
235686
520545
709530








859372
897155

678178

703720

388175

796441


635388
157162
209655

217958
374548




363840
237200

813055
930656


987412
197095
118202
61148

819697
933786
1710
792174
958326
31211
279805
398069
182308


459369
403204

756988

753555
759850

406861
896036
215057

220724

201356


352007

284116
781989
303576
84685
908459
127311
274979


864521
336561
247441
280174


74718
165776
700086

328307
162398
112868
545623
29117
90776

266245
47880
617475


359729



225210
424798
813577



100344
282845
189548
894855
516246
292918
703822

649307




611011
679993

776083

296909

86664
62514
312442
784558
236465

413411
229810
955686
177488
856916

50214
644440
933196
579669
679606
747274
24994
206044
427416
270193
540470
397319
293491
391005

12844

50048

262916
818813
287038

510891
465916
312670


238382
651428
607529

35370
331379
785135
983047
171000
990621

444041
255026
235704
144094
142191


917615

35367
799302
552533
306702
272970
536042
454356
893279
915712
727844


554707
749835
969924
704446


425524
584192



228888

442667
352944
194155
525950
595686
212203
636850
559264
219768
349112
886974

520744

265470
885729

501160
605699

66092

612358
651362
407723
575116

124328


432159
83812

638237
964271
212449
186413

765667
531868
733098

36695
914083


189916

855022
581512

129448
767177

751011
765252
858090
394744
484197
922384
202744
741941
693476


331208
773317
476313


759234
57898


926472
360832

492268
258131
476328
945150
553471
654178
418179
285629
362313
218846

282948
561698


882947
811982

740546
861893
529329
475018

243988
766691
564344
575802
819846
843554
674022

397877
114522
734530
517386
921999
713836
249908
868723
603524

327152

172838

743506
677164
385461
753928

371521
647469


513316
952052
243628
365249
107454
193433

416354
130346

839799
945366



538028

614392
991079
234999


805301
218377
590041

830100
136158

687344
704097

255221
6036

229186

447194


488386
471627

591445
409419
784756
932264
896023
623819
155232
135908
171241

645039
834526
733693

930305

544679
89597
616650
818794


297894
586886
655036

118022
307160
802598
913367

716879


847091

707026



974552

457170




147352


257137
125830
659080

788906
998857
295951
579053

257218
814944
19173
354911
27370



328377
68789
593287



46123
114408
294051
396404
733885
458020
747667
969356

243745
283885
479981
607010
185907
82234
616002
925771

376827


168312
60259
699801

529474

619498
316781

273567
704527
502027
886613
123149


868262
316573
259012
58184
347653
435008

435869
717505
692190

571557
701033

783896
310793
717510
658050
551023
574037
858028
919349

597540

332335
990614
851948
789808
487444

624505
682186
33341
471350
720088
333919
650542
805259
238289
79701
426248
52378

467607
623538


499277
786257


546230
832265

810742

659457


13663
322092
108209
105752
864703
426676

333304
495216

821077
553732
972441

513438

528922


212188


324435

103195
576426

659384

501761




174352
777168
813176
168436
125463
304081
324602


302569
420531
796141


900969

722120
424614
775251

111739
567889
535542
735643

506102

381112
738767
554094
315118

288711
534253
779818

372399
878295
454038

495124

528169
581923
271139
861372
693478
674240

349450
936027
746104
65790
397105
402041




815597
56643


686142
455297

271291

61541
587718
276913

527714
951693
671024
924784

793814
480199
124917
343029

981228
175912
622523
359617

894555
33588
6272
956113
504407
81356



956591
514414
6296
316166

1649
994914
320261
783460

898468
963910
187696

193528
272612

465058


862108
639595
119099
783805
419468

485081
687082


575188

33111
72831



970005
247844
844322
887102

302712

599853

930345
632363
61303
720574


762690
578811
173961
212336
821248

31546
644025

608684

266275
298265

24721
941032
360223

950504

655035

538641

866255
439690
928477
307437
524011
128086
861241
920415

576037


922596
854931

565484
66203
28360

565500
778706
884221
764222
360170

323098
956820
592067
102756



401633
84591
836105
580416
455413

874154
175486
918793
604797
336130
79528
853723
676985
83038

460542
835134

85360

422651


960221
524454

882656
82740

798761
226475

820425
169969
339722
443994

897921



165465
942718
598466
442196


230557
44347
258756
275647
764564
9288


385731

326403
908657
847603
708828
405895
311643

227462
180407
593048
746542

556635
708265

649156

994654
116616
186394
746957

707043
566852
186433
708867
715861
263142
283862
435452
886668
259931
433662


40155
833104

540918
446306
441937
678306
647239

736008
961886
862327


706137

110927
133374
729385
527345
406031


433016
568734

788107
54239
614604

739284


132768



184705


470038
998284
879564
416467


42580
418040
627739
853423




123886

689215
248228
180449
243118
95451

766119
816656
332922

886187



31237

238277
266930
888795

801006
408866
390794
334568
225848
995077
301121
421321
626988
39395
102376
990162


130185
780512
254938
503494
389378
954285
421943

595827
335153
305717
95981


214393

431285


103158
654823
369005
582339
630041
892779
105432
786522
487937
491388
200910


831372
316449

633067
952047

39191
633094
832564

16908
976267
695020
653699
642540
372920
257721

834965
110717

573022
454055
628956
612087
450729

871535
447530
945372
153939
367398

841985
672581
785092
799346
657165

669849
55781


740864
970977
741857
936595
672581
798614
790102
534846


275715
855905

411316

92716

900933
957007
573657
700500
298754


410592
252980
17678

634999

156164
475697
734112

588830
889749
505807
903202
906778

212740
107289
71091

605082


897994
652731
612977

47322


346110
422422
386798
531916

272896
332136

508858
335250
309899



563675
775020
260719


346680
742788

712056
366823
812989
303065


228354
501254

119709

896910

255337

488089
494370
647597


837564
91199

397392
845093

158473
756803
59625
519967



793260
922949
706757

438010
68704

861541
274016
100090
832316
605806
13303
166283
96330

170876
870053
84238

912928
90215


292012





274646
205866
607732
444461
976577
746698
80379


375898

680287
157499
955795
246248
736657


511915
57432
742536
798789
38392


50418
413562
473976
342963

300375
223652
869136
922213
158206
427984

178620
8129

798481
13445
246217
802215
827129
699552
872869
450291





678395
213782
123239
598695
668105

372088
761417



712527
445011
758953
829425
956857
217027
938553

185715
639025
885097
968227
370085
303090
198161
587752
14886
605377
927641
796007
951782
523491

141640

335284
467266
139186
195736
463818

121445
66501

676674

210556
437522


576710
777495

285275


566198

830357
767507
866604
151629
933577

566553


15763


33296
813695
410364
254014
395607
350608
10245


735132
615396
60701

827445
326618

149076

365259


125864
773389

311153
620440
437367
92751
969815
335912

475056
894270


809965
802082
175663
301368
758276
168726
90335

221221
8715
160852
857450

831468
297945
276187


99255
851566
983274

300276
651855
787692
429039
968605

10699
323617
686689
229703

111426
96577
229579
237338
145049
669519
295474
226634
612897
897027
264659
155825
744158
886237
793835
632805
182264
733502

492712


92330
124749
197453
348199
421948
267349
77956
914001

375766
601275


573375
62178
382481
418214
518394
574107
697357
471189
404099

489052

556226
41183
455974

644257
118198
18545
334499
883610
244201
188863
458301
706055
378977
337963



524634
742259
357821
811631


138356



635870

861614
449406

25162
686503

290610
794063
99691

627284



686526
411410

11383
870410


741747

891401
70221

495333

812753



236898
874174

807248
83427
738062
496669
799471

822191
881906
625785
765549

434806

630932

564524
517052



699065
551161


331918
925930
632075
142579
544453

469786
246916
341005
46628
835466
122085

972201
805806

690934
32281
73341
510447
667600

603528
278097
618038


789667
278302
985166
268774
459542
454892
366986

259274
49738
239606


106393
406167
395350
754450
66480
11430
998592
538970
968289
251288
818741
556071
962998

38688
426991
732467


158845

820857
577394
222843
515229
674316

403001

703744
914745

982165
17666
715282






458823
818605
391991

284213
402397

759896
403592
394076
916761
210807
221821
651716
160480

566264
293316
571354

679144
92160
95272


598648

907317

710245
647030
21332


415871
490498

253968
152172

178533
499845
637089

890999
892285
459535

182116
66903

878177
717601
830449
486390
723311

533096
441667
262283
211860
166084


635474
867136
650981

335039

319085

502666
324852
98691

251321

8700
225293
468595
595941

95462
245995
204772
173155
45224

814678


730261
501030

695512


965948
969659

946841
165483
245220
887771
476179


150502

353601
802159
658681
837244
10179
881080
630648
640505
864511
408522
72902
345523

807995
523724
222764
308723
35259
371252
105751

392127
751941
588867
145952
938821

726835

95711
524626


920827
375386
63496
138248
66767
651268

247898
982390
171903

476721


730961
244627
230423
925767
486714
329105
741630
841538


592774
484434
276928
864475

831624
866938

938584



769218
179253
883648
529988
758363

268187
37114
582689
159844
451359

927269
600734
733549
690247
296358
654698
616862
632515

363701
724102

183084
89628
456457
293846
491083
554933
423672



636897

926265

28135
869422

185261
813620
933225
806596
69727
82276
222705
730260
910053


268245


475684



795039
879010
735858
390612
180547
276575
935441
520750
858103
237032
663812
816176

276384

67505
291426
919739

775635

713990
549647
863655


540698
269817

250411
979031
237025


236170

779526
746222

244583
989014

740337
336373
833625
596167
969059


511237
382913
183690
239826
174508


927041

56939
795329
610318

533519
571045

299316
27070
459262
932721

203862

9194
699626
639774
346771
28047
713760
469887
609833
900655
47164
430728
956208

32337
489489
258554
537722
499602
69035
785655
227946
650532
93116

811383
296130
956320

633595

968305
243968

141664
509328
206590
651794
103153
629533

525864

600363
492498
939842
980095
534750
252405


301196
151595
667498

923891
219584


7142
313892
903452

652361


904810

501903

491956
794981
66522


686675
768700
743233
996727
940399
536189

187705
818157

748365

873176
459510

339630
750857
529235
75375

407474

653596

245023
312569
985019
599629
944532
610237
418830
58565
2031

363100


236429



841923

709936
96209
172613
923928
625136

713586
518649
302030
991521

680671
591161
85909
517795


525114

920534
354677


382468
614677
440751

638038
541624
603616
483522
211999
333947
653892
400286
97899
837449
261649
783412

553815
638743

221070
275755
67921
704288
710983
575512
154242

837631


723042


831135
930939

128526
520413
9754
369844
197956

912906
555096
585288
260060
398794


102120
778729

619611
434119

320061
420988
17122
779297
903444

665982
959008

479742
940666
530800

434232
769877
412628
395938

735461
171936

820800
601240
542982
797698


916554
749842


985666

789138

78011
310673
281104





380375
897316

576325


835886


836699

448802
859988


674552
627365
894307

98451

179028
312646
287370
682516
521468
17022
812790

609332
169283
192129
974667
562255
266621
205803



333451

201102

826485
433089


708961


363976


231255

753813
23005
894260

30883


223143



559176
696856

972588
872076

955904
612199


851444
916973
859235
429796

160900
316754
750462

988365
762015
324909
914644
803179

174995
848070
445414
437767
427607
2053
912222
393336
845266

961404
2637

148885

502616
870632
655518
932415
686531

853128
527120
617143
826290
320274
104322
980252


395227
328510
189649
588214
852590
3137

844657

188201

960531
489399

88328
721127
661206
856634
88679

582455
286054
50375
922978

561836

413180
535195
218918

505867
407525

523929
75980
67950
918117
850536
679477
626233
683813
722868
619945
52188
985714
373113
728268
358350
835157
516229
90572
129262
887109
900402
208700
332492
453999
741962
678245
92472
695050
787955
392958
643484
470930

463460
928597

30381
565327
167884
337716

684770

858052

249638


892288
495358

489856


134617
956919
510761
940600
703471
364384
218932
896387


259840
616111
529232
130686
150396
513076
136776

417670

463624


372404
705785
236700
226695
525908
506424

774195
283820
173672
117166

110835



707824
408349
656553

432273
738442
273327
891812
712438
767269


401654
97032
34930
101840


693690
385573

33182
438389
824566

234168
728416
364067



661530
436933

837512
437215
664653


28327


175938
170765
716428
786280
616225

978772
709362
477387


354873
617988

475491



188008

988562

432661

966877

569703

650042

406385


595282


69155

488547


130821
150328
143857
459162

423285
45683

644227
918704
61062
251603
456946
799197
970337
989542
112672


350510
187990
358650

513360

711264
456684
513166

404784
808010
767454
578143
819056
857608

443711

791647
663123
274832
949277

184979
378436


105152
970923
141843
387595
204959
841945
185763
860921
736455

211604
86752

254037



488168
947514
873033

648827

25239

868720
788562
644560
3317
794317
144820
182303
743043
299683
786448
458885
479532

783913



129216

412718
988725


572039
375261
281142
778502


87686
815932
749561
737169
555896
103427
665942
118149
181361
819718

191453


451777

17644

474527

133101
457786
403206


915368
323473
256184
680843
250551
405370
248301
989115
317850
656353

335974

633474
469996
955514
918597
958906

372017
737764

64458
917856

565254
761001
355783
775583


73756

278813


442308

112834
239042
515038
587701

15118
101822
303284
54804
506171
150165
204529

416221
23658
552615

838429
387272


770001

491383
53557
93456
885874
301363
994336
274940
864447

304819

150403

30806
910708




562646
51536

649736
86842
882294
694926



283609
881544


734744
374275

557533

453544



457767
880484
426751
731847
480057
237852
64416

753155
255780
428098
557109

126607


591334
986008
269453
163920
50690



439838
671068

629120
878903

161790
806898
39699
158186
586522


931386

744390
517517
863418
180486
86772


646816
68918


85560
42550
52000



723358
854297
740253
817139
262889

69972


522017

101258

92304
65202

364774
926185




313446
333442
214012

7254
605682

443348

12400
651078
76030

83979
791771
402927
695895
793941
504754
686730
626898
686774
805769
600959
45550
726664

230358
503602

997374
185340

505547
921326

490103
937057
187096
595038
559758
501076

917126
528521
796181
718025
514403
166398
848606
822434

619390
968288
437701


143349

978743
525001
688315

297102



706469
16952
278048

288965
459504
55696
788428
118824
82150
480771
283649
234283
997733
295955
413258
407594
848685
121694



811043
535886
483544

722969
26651
233960
479403

132696






275926
394774
639485
805092
14010
87388
62291
860983


718


726395
142180



849597
427568
325330


279728

558818
681801
794359
942280



104309
402178

19443
207521
654531
100254
47918
209175
131012

585801
935370
431563

872042
419909

958354
179676


367642
654938


904295
307512
762113
142100

334672
151587
157520
455166
246142

769549
603219
156729
643115

148446
967149
988011
108508
954470

888481
351816

144656
581405
946214
421186
839169
783096
505117

321459
618383
684414
425643

401680
523913
708407
773396
947984
392470

763452
977791
554420
866493

561399
708047
143927

436290
862179
229559


631176
940887
674921
139985

521194


70390

465833
465568
807168


799025

271796
567442
324987
719601
183467
134378
505004
850100
775087
911630
941612
940213
876891
54370


721732
562035

106377
340173
284523
555131
537898
20640
369169
689743
230993
679906
539793
664547
488425

886625
672946
276959
728952
557660
920895
177277

663104
214059
66167
358799


595767
767146
742087
142539
639636


531164


531538
60303


497221

379437
888683
20207
179503
735450

346830
881704
14670
352879
831879

30387
524321
350775
228379
157368
860441

319719
306539

486072

955328
820603

286958
381997

63330
211630
801238
194940
177492

991921

973312
764797
258458



443230

174909
455474
122899

736078


48212
67767
118770

428733

109685

147977
698814


287752
41948
817166
970859
997729
808489

245545
975764
728282
578065
744225
340905
902239
388312


439439

443701

87438

529133

542770

826693


410908
213520
148913

33832
535074
299471
864469
664397
919932
982439
619372
319857


867995
8771

82121

868654

620633
454179

228636

983715
215871

618232
259109
180846
375578
350324
514470
946393
172927
526130

86307


574153
317824

636965

787594
904851


299709

528554
399327

961504




103286
696656
421269


407046
777779
300721
942092


795947
765487
536895
107618
104693

837842
800708
959697
6339
947723
668412
592508
219620
841102




436460
382646

898773


579068
518171

404275

440327
580300
748652
914798
887692
902773
756630
182754




19359
498021
140307
30375
550477
849714


774673
949888
492718
836470
968061
758128
179439



670954
53125
3622

40468
120366
830035
332702
420133
388925
819211
555871
677570

11149
986151
352717
794026
597535

382225
260908


689799
789309



935457
971500

184329
337241

790212

566144
272338
806803

67822
924919
844962


566513

791740
554221
458162
291322
750436
52088

92595
29193
361348
280854
827831
796623
922106
31008


984338
595564
108758
560280

6613
477265
360003
148307
710351
832744
218525

560728


261955
388776
750721
873934
713454

448997
722797

179168
548265
857863


697791

598895
685676

527298
8808
233892
340504
589350
420548
415881

661685
481655

544063
119279
457292
402140







796131
694265

990480

590741


998751
604826
233021
419004
253277
530954


223152
537417
105155
25462
7764

366729
672113
999032
432644
997455
496160
129955
390503

130842
670272
914908
151234


140656
135194
83414


903609

876688
646849
667262
779131
442547
448795
776882
780672
186270
873058
249446
999621
605845


352965
814769

880789
547170

572690
965042
470595
144812


928722
850131


645415
445462
105235
315100
760904
307951
274650

954110
272827
842674
565278
343173
624902
356306
170029

969553
66919
89963
556635
613335
775020

611226
904324
550577

772859




559963
530775
882439

578517


499946
87373
424775
576729
46135
839275
846607
304692
428762
659409
502525
893545
241589
269910
839627
603953
341697
850950
172624
296290
852328
290131
887929
7533

428111

596815
201929
310940

263834
951779
224781


175474
273314
99524
606751
748456

671893


62643
978093
146208
277557
779162
730398
383940
564432
644570
241873

695524
635965
475252
738413
325908
99658


323523
45102


753644


541063
783704

462508
338230
474441
130667

934289

757871

980231


658481

19146

443632
525932


618790
731486
529203
236383

980492




815956
906778
549351
871679
826128
804964
314609
968461
893159


958983


860830

549243
394729
857917


647025
679175
966658


375410
691614
203297

124553

501733



912188
524422
61053
130158
409343
943953

869085
652254
384938


206131
880364
711390
731119
98754
139816
481416
134098

147151
541167


989768

314545
708724
511184

240850
511814
754750
989659

320287
435810
164430
975953
757728
730507

827602
165946
16587
229845

16614

401455

730709

494842
781112
701131
202502

380725

573607
161218
611985
825873
342403
173343
939719

405593
707036
781260
140987



513380
159502
656900
400229
86886

62078
149994
784002


381788
361264
501084
683359
194299
641771
584412
254563
784342
633580
363194
195961
938568
221535
89918
825783
681933
296577

189102

782931
874145

770983
890743
860591
392454

511574
357437
265307
18150
184319
43583

848254
177305
337695
103298
743833
676300
829628

39992
191915
264143
899739
169332
179304
472800

711920
525581
940413
833818
800479
985550
113871

98422
284155
399662
593191
159460
140635
460957
395352
288849




314719

944143
459394
771282
680872
646496
414470

129567

138350
625723

778916
751173
171250



858254
885568
175232

638532
360512
257822
250099
626687
796400
500130
136469

769646

273545
73254

573121

816184
532185
921752

242785
658508
171395


501741
486449
229808

300139
73604
312677

753455
923717
496262
938269
966112
158393

733216
292223
824414
907518

77854
458074
62212
666005
955787
935890

888661
940325
486675

512595
777565
154585
514413

827647
181698

789314
662115
729920

214595
309539


612372
900128
112755
302718
187591
681100
594569

981225
989578

359115


869751
851627
782743
189884
589558
289546
966432

356551

502192
778614


799700
579866

251459
310933
232134
12016
362031
292345
869785
905353
847496


68607
34354
971529

793498
830837
37079
754390
949607
812622
613402


921291
909740
828899


826446
208389
780018
16226


95184
557087

315314
533466
536797

357516
324568


13496
625850
127228
82307


333125

690599
897174
831948
529218
749551
38660
335669
306596
713087
678165
593529
568537
460591
125225
680411
760159

53105
710542
105656
829333
438130
200419
251894
940316
841230


55508
749183


378539
921415
657705
40582
345453
520278
307683


401074
488172
712959
688680
169

520515

111429
697817


42787
949242
211433
239372
758421
196356
22453
886635
311473
44995
922747
51589
256646
140131
633067

974089
223311
576170

940005
842567
928743

161569
440298
984956
160857

135205
960161

444467
179296


821618



258643


946411
632294
44480
31473


269999
362854

925095
708225

930957
126145
858932
183330
922210
186674
232519
947349
437321
825675
852011


306939

705070

979793

396892
865188
176931



322868


754045
973738


463348
587763
568765

190265
450092

401129
14375
637936


499964
702199
121254
227658

318888
144163

159615
345291
249273

993713

205598
401025
628976

510442
118789
200704

829213
791403
333941
246648
671837

406109

448351
8452



744557

811379
763887
966587
892559
996625

590660
129798
416093




279869
308185
464490


490287
939662

225643

461414

651377


601500
135680

941180
194463
10860
967482
23297

584841
582011


550143
331773
279936
320484
147201
366541

367863

574930


930480
317523

66611
65249
95601
434932




432789
741627
939789



5324
501839


626321

625750

776390

536035

599313
156012
231095
276647
396429
61876
682106
4510
957168

522356
568870
136402
396838
923536
204743
425859
17369


408884
366107
516056
757714


596379
56434
610187




808450

755671
864305
473093
648639
671380

776149
274256
497476
454360
113162

582380
467465

70329
85267
735471




591148

624525


147209
142654
504892
576201
495864
270035
263460
29504
358670
699247

160014
444483

930026
110219
836133



600098
728328
841126

764870
686243

871624


883236

174084

222298

473046
96747
190675
400219


68183
210155

661305
874534
646525
967562
411192

207988



62201
77008


678857
47519
23753

837870


541778
614998

615126




444594

566619
201648
418002
701092
588129
409292

715594
74347

724391
313711
718464

888865
176826
615390
838563
910643
410810

302480
229903

494422
744109
402080

438114
36151
594714
162164
392075
262328
665268
380038
87006

923858



533598
339270
403779
844973
373641


458948
131411
946516
950707
754958
29008
580977

534755
504236
90491
958092
123515
92404
126307
236601
187210
141298
387467
645366

877463
472506
713325

986230
931629
905362

826577
846831

424225
217367
793171
965526
787902
720720
736061

226553

275238
177005
499378
202221


798531

524228

165170
189545

643111

974897
370603
374979
302496
915519

326090

353228
135879
337436

779958

107557

459937
815717
174315
547969

118699
549311
40139
883194
16678
112138
43851
533734

532305
406611
159547
526398
591621
646881
426966

852699
610382


334846

758443


765682


992180
889921
231900

165143
851307
900251

445314
76862
255124
865345
771932
760335
990515
187497
3067
745068
55053
555828
624267

86512
891865
512953
843099
61822
902273
170114
814253


114723
270052

953345
551096
138229
422654
697817

160653

554346
523773
843692
410312
771621
947419
367386
883495
125710
390708
482959


376703
450276
769036
187483
798283

73105

937300
626423
644615


323194
836335
909549
89685
118881
8781
354032

280735
891381

747352
126555
408187
346264
397651

842706
408584
271851
750765
84353
386482
465662
645118

417226
884238
89754
72980
920380
470450
749932


936871
729306

779777


150843
655732
585597
541072
384012

690030
974349
18616
414839




728816

488105
250008
813947
852921
806716


672831


261427



680670

79765
845096

712291
665211

822670
430114
2465
889928
841769
802466
666226


748185
65063
433613

650556

519201

614111

905058
579409

4359
847918

156798
850246
464608
708156

444403
860562

469951


629556
966698

425744
864012

972481
333870
711008


90896
751048
905242


67790
308868
624266

187872
951872

495150


68425
511702
710785
564081
586401
156375

347291
763283
616211
723468
449202



939358

814329
317648
230116
204023
834548
670728
761679
865633



501348
63051



579869
181513

988236


878997
494279
892794
755297
510965

150227
452274
905545
352836
76342

37600
114113
112078
132435
239072
690879
251085
941564

849095

916453
298428
571290
664201

594482

265701

784743

144878
379435
535603
67298
872073
350511
315648
594733
624097
320941
773618

97802
969586

128694
28847
60988
720277
904867
474508
243989
71770
175552
80292
508472
646256


728056

19804
201413
682799

13591
484603
319556
133797
283692

679623
803927

476566
388287
232292
749235

528599


289469
178802
685672
902601

340154

57806
792609
270954

993747
171340
398491
228520
353067
426249

951580
598233


772943


39127
117972
847369
342391
459747
424560
562037
160202
341974
929588
19434
991096
802135
682807
666592
456779
904897
253690
316043
839578
990977
602848
629638
723687
506774
636526
256264


451638
93240
496036
842313
250654
904994

181128

745357
5446
503354

370289
301175
366335

704017
895862
93998
240262
691777


437982
913896
271839
538823


246616

751871
28633
776142


644284

711480


830304
46944
540938
388717
72816


563330
186518
851941
101339

79320
978680
153166


339088

738365

897490
986833
303037
984213
603384
582053
686025
393908

174661
159077
908323

970375
553207


702295

14364
369465
578528
618871
318935
388566
550900
14534
716854
739489

741449
122221

570728
788866
570196




93756
721555
486745

451505
221628
94071
983721
960526

506951
255231
269692
995462
46571
329640

566915

946882

900816
744912
964795

795470

775171
67447

811292
531188


768729
558367

446649
855338

789022


937216

107327

477889

135867
537260
460167
566638

819016
208732
746981
140086
454917
513268


58453

970742

829934
889954
27369
654573
255304


535903

235297
454534



611392
837638
513707
964467
420760

604331
339511

721368

903306


659801
574269
690881
238366


118112
484389


536548
291179

421809
774541
378601
990444
313401
729035
116413
857322
159926
946035



958177
554925
268706
748045

859012


239971


638972
595937
155315


199711
349353
213014
447278
602432



105665
786923
121976
227363
321663
737384
294808
891174

462804
214206
3202
451065


129150
450850

624359
48735


14915
596244
490347
559779

623390
74404

518019
206759
632877
549290
494249

841475

679611

308504
466381
293794
42308
408543
629366


734088
457382
807036

880212
80662
412929
1770

570

229452
101970
85593
698375

644832
823490
900145

549347

5987
884212
832690
695052
605583

358836
384562

193559


39642
365539
84539
161327

343349
177903
817152
120972

297267

820256

594783
396904
664035

987907

892384
634907
769668
641471

831770

652767
717673
131939

294397
97918
517173
508997
616126

505852
59796
691387
208049
342387

942908
32202
835725

505713
8260
21758
222478
61642
483078
629808

32588
276437
210926
339361
97491
816843
82141
48556
316372

418266
752712

350419

407983
168952
453714
308983
169884
573065
14527
789254
14154
31048
678992



42115

66379
650838
508292
525790
653901
887214

225206

203745
957647

477875

222107
139951
864323
555482

334499
264921

420697

48677
706344


459228
47825
695287
240511
173940
633811
729511
446356
688975
429424
541402
832350
304417
244541

748869
15934
907688

252940
675291
185380
525996

504512
828314
382916
321825
529931
711313

897133

85467
302214
704034
148711
923423
905103
744003
391005

547
593273
503512
373018
764412
9994
984024
157213
931627
956034
355502
740855

917538

200553
789705

869510
159376
825007

40081
159723
646839
627384
663682
502089


320313
259955

227799
554013

845130

796767
5217


336821
772568
66377


44565
436181
214931

426403


617148
351654
440538
32681
231408


19473
670000


986684

379000

905808
115764
936603
341909

952075
307914



539183
731510
439471
169390
363183
466133
936832

355490


848528
798033

248897

776449
398515
245178
519709
519538
160311
354875

725635



862325

64135

893023
913042
817795
754649
624064
835378
137476




553528

163531
446559
390794
106354
570171
15541
832756
860316
596190
775209
926626
45747
3143
806707

538960
599674

258826
725449

496014
179127
701620
500063

882836


451150
327557
137881
182740
622084
675294
592131
405807
685944
188963
543211

751564

766545
306716
946447
701291
863862

147852
379599
922012

44940

740375
778149
428311

533123
869479
816834
299713
624286

540170
526805
34197
178644
360443
201921
463054
508619
513564
973544
429279

31965
134467
522276
8811
103367
199224
994388


77781
772298
854498
122894
498247
954299

105852
591322
523091
862603
802519
86151
750582
429890

810615
375933


962616
24722
652221

583413

923377
758631
499033
431519
744513
373053
477608

795493
664979
575238

348989
74454


820885
921957

281589
235124

637960
224167
918710
757901


87399
646610
563934
609886
19347
850929
777071
53718

91146
682599

4691
521755
132255

846933



159626
278957

291671
53380
388128

500988
985272
388079

191472
500190
274646

569589
420484


819096
863591
346142
109859

758805
824051
387467
149065
567278

906239
222044

988372
520846
277385
22291
975687
569663
22304
172305
734649
221688

882646
971788
758763


607225
608052
323572

967708
989992

160054
875296
880319
356863


512106
31824
555529


736259
38960
604734
228455

467205
812991
277013
574443
991421

784912
49109
169920
474035
310719

539797

521655

140843
810741





720262
118288


981975
669711
409809
307695
693823
902020
171784
34743

970798
50877
566683
861505
456093



776590

236213
336462
389391


359166
696409
704093
724166
418318

818974


262171
269162
979552
185319
521623


401201

962028
291817
766957
40595

57901

235252


247308



55540
367644
109718
652596
100994


977896
80784

472005
51946

867232

283684
92455
34524

527563
918544


846410
511179
541680
871334

276926
587682
135907
984617
79403
282620
384427
336742

679422
857108
934376
822574
250827


406800
665312
160025
880886
531645

918253

375253
838150
270231



134331

164466
414561

814138
127091
51982
210111

525907
910973

36286
707298
171438
989642
871108
297638
126176


795126


296524
289986
65712
431677
27161
517849
872886
189213
774325

876063

359465
464726
567868

522609
286042
564705

159745

184776
542295
5984
475439
345046
765223
700009
932857
322925
109701
964025
141958
764439
760898
991720
857979
36182

932105
752044
721004


924260
853946


166233
9706
197131
748273
878412
63150


229456
898027
276072
416554
797723
110427

80774
762004

216180
765423
322942
361169
9544
849359

957177
972458
168223
468352
847526
579453

41827
44824
794026
506939
783379

205293
254175
613441
388643

645806
547522

91243
603544
877701

404691

880003

391465
101301







224101
980684
372224
328253

558759
855290

999160

605705
15270
948749

995588
450912

734251
375869

635957
269126
455937


976161
2394
599321
218011

478771
722180
225581
273949
292768

700044



509518


572797
327356
577150
777246

948201
508781
854982
828366
921697


228963


44078
407567
842970
852670
473803

226038
889554
663714
836771


817501

213508

38773
507305
667910
482617
55997
494197
415810
649704
902945
444361

906053
197350

457405

641117
660179
292854
332024
790844
532092
265091


199480

636767


230182


107957
315319

996138
563717


532473
996901
9643
65398



344293
857476
544525
553944


202382

237389
971917
289058
809420
738751
714824
225494
346467
559651
757721

637863

61771
377644

543721
22614
763468
635521

484804
72766
281620

503882

278347

361037
602245
772843
998945
825110


759064

41599
398128
104746
983995
811477

734963
750297
485355
33626

652195
357798
206172

739969

234364
351697
694922
440092
68235
801751
823765
172290
245885
593759
52860
533773
365328
273686
267659

319611

548156
578401
234936
166017
963854

281807
747813
336930
746973
64194
845687




625422
450740

139255
592133

545950

334457

177133



346041
89766
20696
958876
445357
516758
302734
411587
977818

101672
833613

983753
150064
506187
705930
422060
829090


203892
934850

646395
492404
362030
962705

15308

721723
96080
60526

607531



906900

114823
116120
245586
303296
89113


106501

735622

981711
981255
655543
501931
636207
602624



229935
754543


851332
939189

122342
254388
362594

828776
935259
467715
888302
482876
218944
640527
858412
368927
724911
224335
965007
40204

902557
400200




325231
627273
538766
39554
991752

816832
776883
868939
411344
158362

787233
787428
127132
127158
820693

79528
817519
905612
149834
229607
390963
717631
365728

466730

601038
527565
373744
472005
714202
127106
178483
140579

788326
40926

118547
724204
372855
81110

694881
749131
874856
230266
775974
618023

11453
735957
806694
628659
565315
174803

404458
698182
750758

336764
392892
98275
578832
146094

386402
875684
407065

749632
707344

149716

64505

495106

960377
303991

74892
207839
237023


220287
290067
351428
990989

257212

748825
326894
260287
330485
646274
970389
520876
307938

239417

95142
844116
13980


578320

531384

438195
276021

106595
685675
525948
343897
803390
305305
158169
850161
124216
563678
131928

883813
250552
884982
321318
980329
923318

792965

861576
149867
880339

560229
432591
261079
164721

769176

978117

869744
146540

28941
851082

64884
409583


578320

833127




60136
529328

261334


872700
255221
63467

837408
389913
3384

351802

396020
924073
463342
282973
481269
393410
745174


235922
599840

62688
149956
633089
751380
117359
107932

788874

375314
281899
363104
365186


254703


457179
980262
761610
449941


575446
263846

109285
382189
380625

671009
109025

387703
445469

654694
669752
306534

443504


115464
894285


374256

834547
940726

163631
85848
362112
647275
648525

799338
654037
223327


438038
345605



609954
533856
427167
102454
654442
266997
796780
559333
274568
854614


97620
437408


396616
915058
408588
777892
136434
473454

723585
381018
421939
849018
75402

197361
330355
26724
7644

465966
982719
260008


334665

376794

576844
553190
40199

330479
887303
83711


259513
999427
401396


939573
460859

875694
49910
514285
3525
232887
747537
34475
777642
373382


650935
795415


423278
424040
887653
508599

53962
19865
721185

435341
937584

98168





41008
990429

20879

542050

122298
122203
590486


4595
252405
418044
980144


236850
14455
179709
738070
798482
622748
240032


500663
514473
76958
30154
596041


824481
108773

474224

9273

941008
436959
244550
832095
160749
80987
178526
768191


449319
845414

374813
299007
330907

10938
986945
581613
908421

577589



13214
349430
644374
294048

206635
199347
449255
922413
208490
394018
691952
672728




369041
334588
983094
267888
375886
507501

957510
59131
946736
19009
446026
371469
890502

647326
339560
288452
628142

158755
57051
28042
546574
100667
897700

904771
671633
416238


569008
665477
583512
609029
83519
112665
680154
375032
64921
538950
941220
497329
562279
177548
269644
627999
589840


597561
208450
988127
861531
273308

555181
286552
412391
706244


927228

912055
417236
363348
474824
695446
841875

690630

921705
941067
670386
503798

939770
472969
739255
91008


221478
872052
530318
263950
804496


918098
943479


130175

932128
344222
736008

967516
891106



602087
551708

672596


749035
923944
490616
123985
50942
277162
323275

609657
495983
682961
935136
341083
809927

785779


612659
198088

551758
925886
814832
731145
733396
781345
320651

974611
604340


315001

524581
961219

582901
509941

28076
615567
124632
587237
172509

310367
977790
905037

395667
304066
169355
73713
982324
393953
687573
997887


112453
117811
297298
865532

563576
274316

73393
155331


884818

473769
726873
539281
403760
157521
289475
247882
637536

71206
753677
481584

267668
134772
103756
145818
570432
243538
368456
385720

474658
925111

724445


684844
783817
281567

438792

106477
600288
325144
835783
782037
480323
373051


295535
665177

226935
284041
157719

255909

401116
309620
1444
951871
998513
27388
434965
977831
261262

34954
263220

490548
558659

233798
894081
383604
247797


463418
809383
276051



321365

842680
230733
74335
918845
755166

450156

253364

277744

203696

701951
92267

211705
304858


952297
332011
701363
277138
141276
492611
209214
700283
579469
967666
369775
348222
537666
782349
983559

273242


760018
740186
163532


947244

232765
167870



347267

920359


980789
346610
853710

36178
741333
674364
155349

364940
735224
847877
50960


524122

902820
419064
22396
736518
453890

60167
449052
227692

676447
151210
315789
499834
565981
52827

490563

709452

253598
492830

328314
388849


689721

912902
92766

203401


910172
857852
937478
244864


908927

762084

800878


523387
368307
475792
479295
685964
504642
7695
781632
831541
798452
754637
337302
467685
318175
147305
20352
940100
599074
560739

863865
94372
136809
409562
617022
430675
65863


192064


977144
608828
336725
947702

974871
94518

180308
945217
179579

982875
575399

817508
558597

270924

326737
903981
705983
587532

72537
286945
338950
342595
413030

252774

31735
47761
162183

11371
993497

775490



173891
415349
633722
756301
289508
336524
297734
577618
204160

175985
992349
257106
399075

746714
116456
994736

865482
855038

422659
805935
571498
742166
421292
513571
549595


471224
606909
697012
804660
202781
187204

58917
674611
649530
195858
944667

400870
43845
681236
351472
185717


300458
244486
230252
482094
972828
733790

284310
697265


365965
917561


293655
733486
852712

285871
879727
433808
49132

539528
131068
880373
954927
800298

307177
233421
662049
961511
641915
975331
304905
518842
431471
726985

825986
344915
825395
668241
633723

346513
717880
247140
601647
916649
379639
989772

910833
975419
550625

310193

571133
662750

792908





397038
441197
851841
278535
724083
282024

356207
639284


180624
17360
558431
938777
358427
107139
800738
760385



378892
629176
687312

727080
196285
197636
886668

758395

337917


370736
517440
678610
570817
892594

978597
57515
382879
205285

733927
876988
728908

421498
525537
968470
424488
390350
912571

29204
850417
95245
26896
432327
810982
828487
872843
950871

201023

997472
339260
791129
832671
871036
382155
113476
668544




956692
673654
655348
246421

832448

727927

633775



112012
206370
327041

518002
53377

644347
387036
672967
165571
735952



715240

511520
557136
44975
179934
364631
61618



608217
748974

108751
575670
396076

438187
666422
364743
67968
634552
539781
802417
395047
789809
415910
685382
594848
524708
551309
422828
326574
715038
365127
518709
298918
581207
658691

128200
59819

856151

26337
580725
187544
996734



769014
584305
451312
992913
972146
712196
704950


612608
151559
625516

630085


590140
34426
529889

795848

113179
392356
345894

233235

46561

438831
734461

841209
210276
514504
197788
176580
949666
709782
569167
750132
965341

900338
947583
660686
123793
822213
447443
517584
247681
314334
236173
321329
872594
133373
645512
292626

755874
256892
642515

112549
857459
596379
990878

265879


733996


800297

669193
979090
401358
380666

991245
706075
962384
175653
752803
736057

106921
589949

378406
638165
253634
352844
636445
8268
823416
642943
95103
131939
166558
735163

355721

806871

828399

707937

915395

359663




790001
147386
282404
405545
139314
54890
883561
555724
520230
247347
260196
108554
257709
612465
881770
556286

668003
215779

360518


152399
507281
34675
644658


297422
130330

855537

161396
963102
539169
896025
976131
702523
487425

326791

840603
479652


864166

481167

869511


758702

889370

330772
611757
444434

658277


11877
137168
151254
884553
729303
206929
807093

101344
494731
527250
838770



607394
711900
547264


404412
821544
596319

670774
342820
853150
451175

262755
1929

630652


341696
782471
203333

387813
128214
951414
469900
318629
369677

273565
828591

739827
976935
113469

991835
649190

949530
762566

153325
983030
419346
611408
376986


420180




695864
503519

693667
633267

327133



376028
570972
664775

971191
620714
544238
221900
294327


113293
153178
620686
522217

172463
359697
861533

341341
275635
224803

779461
820847
491395

424694
39178

38401
494727
238958
480212

402440


814765
556195
796901
603224

807283
88364
231006
723291
906818
16521
489681


637937
506846


178756
357004
226055
511259
143640
799436


927074


818370
414753



3896

71957

428869

652135
778850
466911
567976
634146
502169
19700
16169
150707
785119
633950
812101



751302
856069
120599
215788

770765
377873
687590
562082
760163
411412
201583

571880
756564

650950
434323
497999
743197
600135
911842

364995
912815
960592

462186
888833
475420
451793
336746
888909

379286
661509
589239

353714
583366
970195
159595



350769
565731
930810
232139
350427

592754
847567

343754
121069
227196
193588


6384
688824

950021
770040

48413
793580


714308
168266


830359
497978
630553
996669
213493
80460
543372
527876
483297
914340

202605

185313
375026
986689
773693
98194

507287
984925
795260

158368
291105
484679
124998
125902
370855

592904
951247
970404

195515
52804

666836


856042
19548
400953
665082
523260
393239

544474
248274

769739


286842
857295
972836


879292
33248

419913
365009

407388

201020
690003
206646


936149
893447
868934
659812
445551
644974
846221
563197
580092
758879

228724
529342
559281
690364
854728
170493

206507
802128
131210




653670
221578


567041


291316

63084
712688
453802
695331
498733
530642
538431

270876
810638
103607

422725
648341

333674

761935
59049
34574
446096
375474

849756
730205

200115
923282
576454
191875

203589
537348


201421
287018
843352

605369
166953

459065
869444
708561
317227

724555
739269

939385

885849
67529


844989
69448
939471
927873



865617

373550

868824
329055

679419

870629

451629
184450

236077
176694
46256
942372
7501
417780



165572

350583

821699
349260
590199
380391

957397

904876
168201



841050



571585
873714
195312


924047
511997


458290


755114
390397



742762
211419

477878
670073

302377
474324

803583

642781


643504

740698
175061
