558110
601120
899243


32197

378367
117472
885638

384745
653185
496367
724773

292622
768407
568723
655025


259899

123883

638890

11476
867168
226982
892085
862858


132013
827571
29853



462283
724614
551606


835824
570922
573615
356599
809884
975275
245340

532256
369149
673061

135948
909002

52355
169156

677847
728531


720933
28613
491341




934069
723278
937232
483700
253371
475606

760005


644036
354854
396256
333611
289069
331957
185526
498512

598174

33503
505556
707862

765640
54653

862596
484556
777803

223551
582162
666470

880137
80412
357556
643563
581886
706369
944354
127219
234797

8972
224279
225733
611478
493300
23823
193931
573289
133240
681925
627084
909358

633495
674852
35899
303600
88614
923913
76317
191818
690912
335081
407623
152942

946893
839425

241806


269101
666701
966310

813789

173517
595069


127868
486056
880986
477156
406435


49410

178680
975614
263403
488256
572252


66194
366255
485836
645000

944745

589169
554542
500511
910865

933254

598407
204994

948398

506688

793825
566188
184498

105020

650687


358050
192351
187390
860980
639151

624158
111798


395082

784733
51067
305471

487163
401030
54811
472013
691388

785387


713286
49347
499811

211790




103945
91777
926289

108353

975178

415112

887743
278533
44985

439108
595658
954061
195904
321951
197826
443391
193904
586538
729205

685454


84387
393289
718342

295334

24669
376915



232636

621736
841459
880125

57023

236996
938689


465153
272326
71604
214078

753305

406129
945991
404125
823319
360533

578932
163890
762689

191404
876086

624924
366371



556826

197807


925385
900314

426071
782608

549354
231837
294311
887236

991345
770416

589981
204059


317340
764812
669120
556386
409312

836925
643953
891597
748546
816763
619240
110302
191366
789432
230415
885023
577662
191866
191325
303121
553221
446914

986209

776559
904446
216336

659385
337332

784423

976311
327772
454337

628256
245489
468841
588863
329224
727284
326428
189930
769560


711767
170036


639332
154304
342007



295773
91251
811845
94567

689124
563718
446175
997773

503121

222170
711710
177883
56845
727036
157044
589075
913393
924519
245522
703108
436152




859629
999038

790306
701061
556001


89657


138379
587708
494592
981523




420179
550219
678517
912422
323154
179377
629518
174155

384367
243800
479926
998638
233366
810983


902066
198216

669311
844431


678785
924371
823037
313165
148892
792510
555777

778552
204986
157326
531875
289999

727526

347313
105066

187671
70876
823616



743450
503755
245607

244203
426074
449126
488059


44166

185899
506323
265402

893238
372894


291588
394964


62434
899173
832879

288384
410568
77753
947592
312896
724086
6438
937690

950178
889717

230863


451822
675911
687417

937699
348429

31995
495195
141312


130975
380498

32027
557271

856301
405659
204158

12037
625888
797195

974807
307471
844445


428985

706906
114506
418294
483003
924449

820876
998710
55399

688555

489734

950802


162904

973097
896634
382420
231470
338198
907570
243857
822477
350073
515182

326910
224070
49836
491379
317656
163815

14427
353215

636898

711120
839500

786743
359409
640368
480036
339172
247914
157370
880591

371025
766132

860887
553074
956009
100546


51217
574742
404102
13608
665845

516062
991997
412125
411817


451255

170907
333421
269376
439335
173897


133544

951284

794438
836405

817550
606724

450891

820386
512870

329466
605611
687475
767187
835182
555339
197489
562613
367288
993359
290338
560290
271785
756242
840798
17336
534273
401122
768306
456532
890369
66665
840752
245967
814252
69175
676885

337368
367495

196604
88512
659177
124408

69592

333551
913060


527005
181289
93135
441802
589492


534132

393704
382882

12482
828737

734062
137409

646090

911369


784704
84484
857241
470275
120678
573931
290814
292342
622886

613968


707363

255048
556717
915073
814522
20174
27044
597941
841203

499887

924284
824890
858419
933233
915851

58931

309795



75450
911094
430547
817669
434104
643970
146480
270109
744286

479062

748385
151451

323769
126293
323146
612358


652235

848026


22288
218859
628799


31891
71860
28154




284456
25961
641793
692415

854589

651985
500374
529077
841271
747367
735119
894565


519446
537871
717782


24577
944089

29115

692577
541966

83403
447147
54670

819516
409442
537853
401141
15596
119315
148961


495579
648192
886390

786695

634145

951981
343865

299454
552283
753197
604840
632486

167153

367065



736270
137523
789245
774630
883084
230441
954806
230434
342378
975376
1763
460881
876238
246240
727341
32698
19943
781895

225026
238999

936949
87247
644097
689586

229902
538001
257282
587448
568321
45643

830343
192608
799721
594417
667275
636203
84589


827171
68648
949171

80468
436530

579773

458417
215186

75775

619607
77134

494338
79067
24596
203101
767579
621123
167398
18987
969365


121572
19484
731461

425917

225856
147558

169327
17844
656109
731711
994830
548745
480440
292089


572165
613159

183474
781196
588182

103114
425144
413931
82855

795712
720171
19936
298075
367222
572008
718787
126194
366286
589517

509153

72216
54524
375470
664302
840140
652562
79709
915295
27320
277671

689802
394410
994021
615650
850149
827024


848688



598108
841315
542989


424964
507735
984043

640814

49602
483061

827665
69274






90382
254672

961953

822536
75574
136704
418105


743676
297608
135182
602682
109760
144788

257993
385922
799404
784509
656717
693535
454900
780961
815197



980513

669994
227796
23084
976210



712884
305168
342489
580090

116113
571554
820452
973639
163193
158115
353237



990340
403227
422762
718650
518053
571736

392648
399199
371347
713323

131058
189204

514466


661969
618247
295766
80031
830780

363366
590761
582453
953959
929718
378803
221414
996849


133682
361127
150200
597731
940060
553971
886275
498306
830274
712860
63884


762756

726300

595133
193507
302872
599275
90650



449635
64503
465821
503707
452414
14349
388144

775949
654354
169898
519848
898507

670261

448650
67628
29144

687291
365981



809415

354953
960141
722087
285531


212322
185781
11992

946118


141484

230242
629875
297566

92771
549173


133539
963193
465255
887350
928796
802136
391502

927904
382685
772052


574023
366153
952677
330831
574995
63390
64326
811840

439498


425811

859178



678263

985790


65872

370693
366913

19603
215814
245229

706543

611176
430351
515528

513640

315262

991646
564202
434680
692249


500125
255920
606701

31922

879781



244652
320329
596567
181625


935044
844618
105423
331230
17141

163161
617279
738424




83806
612921
816322
234772
941570
750651

121650
699684
87104
56292




951348

916884
929833
796959
725168

954561
800087
791565

878480
492421
900784
742533
67882

959473
323477

182078
703783
869408
37702
346267

215291
771359
167262

547373




456696
910194
242519
585000
854802
433298
589683
64056
336019
254612


668680

359673
641676
74713
706041

86206
650305

569390
150610

729480

332870
466106
414636

237007
805339


125970

608625
177
703423
463599
742631

153874

578886
93033
536177

621528



400907
907662

816032
946478
234984

213153
773982
365459
197680

630975
822176
407428

274722

763167

534094
784940
350523
168156
88607
281367
255075
834518
729303

126191
82040
919398
982466
272347
980948
470141


793281
346850
38133
657536
221072
881619
361081
966613
983388

364717
346075
718613
259232
492613
431421
489801
563784
554478
218598


696817
848180


315710
272825
273080

265383

743120

902922

200241
470018
609122
686472
996257
825025
755261
915396
340328
131651
136801
741987
178746

53877
646075

595547
136457

907498



148001

88090
881403

551263

650752


896570
577011
689393
350373


991254
29644
331309

698674

933232
723

270181

885919
814077
310556
868637

659365
512200

760807
400308
307698
532981
555376
855514
596887

512348
357921
37708
235847


727844
262815
653780
573276


911908
122083
491500




843184
749037
249216
793241
94515
824602
194626
362076


523496
230647
663065
328618
292215

273758
332848

461662

659019
134714
610460

856763
263911
718583
276975
428811
749176
181592

602434

862694
161638
191036
722547
188077
662101

316525

638153
480441

591983
278284
925513
226149
290420

623025
927731
988108

25574


810424

511472
492887
459658
549375
557706
771762
45305
177525
308596
240800
31297
551714

431824
67348
55361
412932
900789
326489
369896
706267


953210

319550

661678
884124

424044
856121



734732
789248
98084
635624
526100
460160
939533


471342
751124
641272
908018

844727

572072
786762

954202
476281
285945


537895

299839
495181
51651

702868

441843
662845
627989
60094

2600
213622
301493
973410
979168
978711
949602
161351
121136
788806


49278

151762
910990
964055
374432
272181

944545


121189
695410

460750

313694


725518

702018
749399
531608
676969
453980
214492

410788



348520

450165

138932
426460

283131
89755
552402

165473

360440
243153
332192
886351
69666
863430
843373
77619
558030
147887
583217

64688
788388
330376
120727



944810

603894

192090

581291
300548
447468
282644
187369


676722
739219
865626
818474
102739
760311
938827

712812
341324
269553
43600



167974


955282
407593
259201
623958
623641
70601



113436
529515
217729
852045

429257

652222

114723
575324



191057
596122
437545
357907
158505
34471
742525
770194
671871



328220

483323
111181
483178
924327


391301
801815
254546
184320
607501
455030


348780

698005


531742
489345
669204
881381
396552


891332
757899
791357

184600

33593


107069

414932
741285
416949

916140
731069


348662

305428
681031

640859
494907
858523


367161

891616

363421
628654


475006
390062

453618
128461
135020
297295
587364

139419
412453
50857




743254
151988


270731
798861

282438

385221


406598
83391
481925

64517
386442
315318
250485




218883
416583

436176

256813
152968


764147



965104
920061
373615
438198
676032
110891
150411
762865


948669
289424
673355

388546




688705
564042
92035
589941

390392
222975

573251
132827
707934



825173
757221
655973

876613

441173

414859



91686


632020
464469

107362
295470
597273
541313


229142

309593
31516
595172

465425
193082


165441
701215




564055
495760
894259
504784
530539

301490
536549
143564
518841


777689
448498

291165


923588
882311

691207
204194
382189
792023


219259
720667
441375
356229
432423
602154
671675
653935
754064
110772
835390

933756
153696

79388





873789
925819

505821
203507
385247
336684
110708
706446


625921
266193

605545
534760
227681
642211
153147
320301
427409

805719
665965
845605
684348
321827
917293
943273

580391

780849
997908



219762
534074
114703

969255

694523
939668
152778
190091
695354

684200

103001
518110


763857
897419
341708
286771
144224

991374
555037

417413
488664
572393

664644
531024



153803
313373
524333
461561
265072
472986

424437
922837
29053
787818

67523
942536
735999
321402
983026

640677
584368
1618

405577

533565

593579
232139

955705

117616

964805


806097

11542
908337

20913
242552

813033
873840

259050
805903
514602
366316


859556




956496
910745
140757
931955

887167
681670
376983
57982
744729
199297
115203
911090


149366
260799
306353
270719

532592
652522
12254
456102
579218

142561
224598

110446
959280

758986

927960
435228
82463
919900
313183

870771

642449
478387
441454

229650
544675
267081
885683
204519
575823
686992

687714
28645



102008
578468
868371
57356
919188


485562
988451

487378
234277
655760
221357





118949
642978
401897
866032
348155
934017
226521
464384
466620
280062
27494
496707

323582

265226


805263
882806
14521

212772
268838


322333
807936

250666
173301
829303


828635


132510
702424

822706
979790
393839

455987

383146


186150


299727
421229


142590
644165
687442
612033
612765
801331

629038

448845

461482
399469
792816
616886

546527
227017


425613


723977

359250
447243
216476


614322
900713
282850


700998
600750
499269
486575
55140
567317
132389




155056
31108
137358
821991
344091

8418
970288
774071
537753
995784
547650
475909
628770
281

601481
952018

28000
513367



130675
5820
873060
650651

918299

856600


455349
396931
839349
831463

533185
809362
755443
738711
988683


333223
671943
737501

278922
646734
382527

347252
292574
385755
961974

197572

327024
238899
844567
279499
70706


937444
565981
996317
930427
829583

770144
957854
333217
50717

314604


124083
189134


758595
955702
753515

112015
509570




65378

645464

539917
426336


361345

67211
259852

240616

731663
483761
190557
760496
553538
77327
576910
761395

327419

996185


664248

244779
923090

26091
548365
617506
329009
398622
128861
300195
693000
434609
372025

550759
860543
891290
823568
415878

874582
275122

151940
127563

180513

555974
132625

76905
574944
793770
350738


813211


140903
885112
795778

900754

341213
263095
796195
563908



741127
354046
426094
635845
131708
702011
267502
39042

662128
808264
866027
844114
986316
327027
446587
991530
263005
542588

714723
900164

489621



691215

758583
806670
819191

230856
157490
109642
521164
609136


914381
329946
883444
321860
408848


148091
22719
743389

528244
357960






97449
146112
163990
171802

655100
247104
405890
988731


414279
920483
446837
937546
763867
397301
525477
540851

620945
466832
18849
24852

770361

419835
890569

271895
414447
370593
136255
339381
584198
292399

641635
61880
359101


699653
511456
861489

227017
730253
293619
149409



617345
619994
246297


829293
4569
787903
877711
864912
627211

402218
261789
556019

179699


651204
783301
70550

336008
205204
662653
955395

128773
229292
502691
421824
973586
126813
248665
365855



196333
923371
66986
637847
988340
705433
166940
491222
260753

769657
116098



653494
590760

37543
951991

27630
866380
665099
475869
156804
641184
657925
788149



697808
478331
842329
816131
921839
922654


571252
784316

528834
979647
676986
719728
770759
400329
480854




296499


938094



894807
800380
935129
781235

727713
24597
275851


73955
696104

36686
142769

367136



826315
787512
221822
676196
761969
264824
875344
768873
224827


901388
264440
72113

681088
637571

382007

147180
108904

776105
210849

892006

512312
378733



498580
655928
978553
365962
259960
402906
285255
407431
316594

409750
962009
41805

407436
895594
586764
204138


102049
9299
678775

749378
300936
819554
724687
770125
212173

827792

463982
151943
538908
536136
399564
659256
369780
748190
201420


332398
465496
961622

481005
57798

869845

756818
483260
967097


736368
649917
51925
575768
41890



985585
4948
740024
498144
211602

426142


881657
352606

595529

43641
539184
967834
870883
908794
511618



816590

506493


314799


423671

203911

802271
517786

607746
225983

436509
124638
33155



161443
704354
586452


185714
526900


121030
801001
263518
863230
59749
438948
666671
556821
325571
155827

378888

303652
132838
223879
437172

632453



455274
134939
248356
537764
126135
156992
377233
104335
235225
108520

440740
873900
671879
166101
970788

910225

781111
743973
400938
143506
207388
473878
296487


8255

443754

476593

79348
514363
8897
583508



539104
438518
345282
795409
76988
433759
374021
702690
229322




18661

24169
829427
660356
373115
648186
625721
940436
895132
799215
488946
184513


69086
543010

582848

623103
601886
142094
171227
410629

506243

4031
729611
813282
561343
760679
642782
585603

11687
8719
592779

250588


463177
724208
775209
955010
738289

366323
836102
192564
716947
766856
245130
263233


186079


934385
928087

340250
797406
720717

19869
132139
147830

348197
600688
388952

581630
697981

227356
147568


691617


273265

660868
328415

485680
281085
518369


486812

723151
636258
668978

181196
791851
859751
847259
16196


349085
460582
140165
330780

775203
833225



819919
498876
120005

982782

200718
244849

764417
484786
796977
348552
637668
979092
48964
183737


954004

323552
559492
496217
174722

951552



536478
933943

218919

903796

107348
597232

502750
462910
605664
979331

832820

429724

679937

265457
152073
37096

212282
943199

10135
640762
596821

184728
936163
96800
29101
896355
126327

533440
905187
117146
974619

849793

52749
667712
931465

787662
650719

66246
115939
217076
515932


234878
421661

47526


533114
45546
650444
756331
846403
759470
554744
871165
626351
136454
42366
761309

732251

116504



669673
887589
233203

34750
565686
874664
405582
80170
622632
561806

255590
603060

308897
657311

241806
611290
859489
470663
47938
551059
203656

266841

963451

332669
541704

613740

215398
359878
376616

857450
24390
23758
154781
583586

984704
163255
820580

565564

784453


406910
721486
534919
231328

712187

581959
451603
111862
844619

675665
307051
892985
849768

838924

895571

237430
577394
761258
654914

344687

708296

183484
849627
505441
421702

993077
659900
834319


925932
933785
13874
768920
822738
511780
722589
805307
702055
702045
62545
270018
75568
957050
255715
17366
620394

241899
686492
406938
372615
734923
759251


928605
798861

405728
58753
730137
268845

666649

541070
919580
840768
278779

272081
332188

809937

937735

38290

314082
386792
22906
681380
281728




17667

851255


33252
119583
947168
731370
503634

556513
419061
86635

381107

141782

731229
248467
714674

445432
637929

514884
92268
219956
36684
934613
980856
502716
852833
143947

371179
380032
871411

212927
408360
841435

651038
890755
511910
12663
933071
598081
683100

563695
717104
318380
364063
761826
669590

485574
957433
553525
29037
14961



148201

854266

514948
359444
273773
132148
417856

985755
969693
293597
375006
699365

436537

111885
467733

234094
712183


80399
242301
105766



283073
354732
77658

212085

99566
606765
674273
44690
905300
283667
574660

312355
253132
464687
908950


760813
491135
292627
990133
187212

17219
327071

337813

293517
316706
131858

503097

980217
404009
983124

957211
273384

859173
789072
362433
449147
608771
888015

591693
220974
288784
739920
640542

219572

852175

125880
833151
262482

103930
785501
367750
501715
966668
886398
892080

694589
216271

510333

825412
580116
135541
723237
517549
858653

316446
815075
199624

395906


962251

318231



982878
27354
138234
875341
998950
80210
257201
47317
441880
258814
120376

4223

772457
124290

626030
773855
828875

45690
510828

110740
831853
144035
561570
691719
238249
263913
719229
376497
887070
490690
87879
172775

817628
299658
378797

956295
664410



844670



945961

142630

671562

846524

619974
859806
386499
415807

126727

871032
592053
673436
741865
994536
322316

870461
838271
851602
451053
45644
175874


281069
680131


923630

208490
413164
302992
429524
595340
704791

52476

76642
982528

123333
494986

623205

696790
972803

436547

237307
567700
428619

520975
780288
106866
432816
309033
254640

630566

242003
686361

111957
462877
613593
872981
716535
545673
120111
105455

324281
298773

284252
204862
621915
136445

828282

110825


163985
918616

741626


799707
134996
275985
44334
588333
925761
280269

963292
978567
879205


1209
635201
24597
32298
690222


195078

597862
869095
652853

87329

34910
182328
303360

311346
142633
49440

808908
962107

906571
728884

315956
948557
287861


936212
539023
867386
182367
22129

137620
215685
928312
69856
648971
40147
759604
64693
794291


230849
554128
476476

697698
93346

230882
44423
303370
776329
693100
318449
637765
622066
483081
855492
111363
343723


155799
207180
31008

156737
353091


294290
90418

97477
375104
930132

350845

52483

249782

825257

898906
558489


912818
141247
112203
472055
663585

13200
846510
279412

225979
40517
404344
127400
318241
157032

239577
780906
377729
301174
425591
978799


382735


378937
129223

805356
104061
13297
161223
983682
734694

418174
367328
118966
259089

408019

488401


48468
104807
211283

882389
342100
145540


981335
404082
315352
929275


272706
153043


244838
246800

292049
8536
230000
545796
813597

431076
55431
403325

891499


493147
739695
61407

503760
430009
319110

819301

18862

944329
340368
44783
50621


988684
307147
418479

49845
4183

500142
480192
618975
414896

253955
498722

756669
135047
834164
160957
784404
743907

886153

53305

