884761

306586
263373
836260
522221

410651


292860
96806
615129
176424
629639
289982

998407


607798
847287



532885

687185
94595
257126


434109

848605
49413

959383
786297

783094
181953
563494
820173
476452
497480

991598
282453

593697
179375
154392
557695
216875
737284

289058

447462
728631
289760

572463
382913
838795
677107
607504
549677

953437


39184
776097
320712
985761
493553

941333
493461
390329
6811
234948
583374
619311
170571
289204
515175
619679


913510
470122
10070
365381

438775
863537
354158

96634
393664
396339
863792
796973

968877
764967
24779
566673
895348
67075
108421
200272
712895
380080
638739
257889
809214

227865
887710

187932
517319
93378


522200
495794
332020


128888
724785
308706

747352
547586

283984
380396


282753

618613
165680
131747
759127
334599

170725
344830
177815

291098
500343
626774


738085
233968

470451
988510

522877
249832


931129

881932
228505
230034
232102
327624

484239

889055
294499
714906
658673
424085
227556

786385

568307

753061

485583
110056
335844


483256





998482

277202
631628
665127
691187
744941
266147
414334
985644
311645
393037
159269
311274
380382
471971
352110
501657
675856
887507

60968
405010

276815
652087

194091
615867
131373
104423


66045
319398
787804

856374
552996
1690


353223
346296
269386
382723
676955
244203
252978

224794
763346

122219

894407
100246
427622
976374
991412

497155

890969
689131
521886
972840
315062

381331

992135
429809
78827

299488

412882
912638


985150
792410
735001
630313
562280
595445
629513

884599
162809
302871
291497
360549

601678
643239
744340
442136

278133

955076
847333
250062

817374
961319

161184
385831
271844

630015
617880
159533

414089

227986

613402
890013
950435


528610


621681



708898
305722
227552
35230
678083
340280
486150
800423






815847
11477

908363
48658

910039
453419

471098
901842
113642


158391


73160
973746
468843
498623

626222
523050
784465
550781
728468

826957
590809

765327
815635
88076
995971
202394
881100

117011
544787
318777
380615
80806
914706

539901
447006
892401
147312
93941
638310
753642



912897


202112
243132

833714
812654
327614


119045
41935


631495

983140
5844
335480

465143
527558

950476
800118

792066


546940
666758
156642
445289
843253

645862
348095
867183
567828
500818
416547
214652
369164
128926
549743

263998
447515

173113
978457
317133
32463

361803
603427


164178

74694
364493
520731
41195

832448
258291
699272
436976

532332
549746

800887

544223
903759

404489
387860
814484
775138
422726
140740






483623
562535
702552
421941

620346

14770
802109

89992

658640
431189
476655
686950
729909
825816
361177
55518

390524
642933

663137
742243
994585
91440
761398
819195
514367
121443

209508
380863
680041
625054
169045
300289
881123




83017
28874
285311
712647
920419
349037
268385
709446
696284
948416
861512

126338

383311

817645
824333
347762
483949

425687
374231

138723
394259
738388
351432

779953
518623
958582
966328
680935
734629
801416
225678
100308


735972
676442
160241





59817
620145

327762
411950
942325
857160
120520
532461
756996

944052
625325

43563
296256

821327

13379
700946

115769
223877
94056
116688

669270

703952
427753
743683
212002

235205



514679
224497

625846
268923
907341
833380

504536
810138


58242
125555
347688
256592
334975

451540
345855
649825
223077
986103
824360

651448



497206
423954
724919
98817
6152


155993
882231
760164


641736
301604

747523

634116
435027
62225
155538
592394
304431

313025
639600
515135
437222



879310
282086
358538
346688
746752
101874


524819
821094

996625

215138
807233


577140

988346
67716
152858

182838
513575
530895
698912
603797
514874

743903
360167

297063
341205
463515
778598
527530

298009

617409
435003

374152

660166
635890
486915
218312
83171
243427
97828
378785

705856
235409
900116
532668
784132
79893
883636
489656
135419
284467
187296
319067
234934

905502

359431
505094
171123


893503


669036

520050
979946
672459


396387



323164
240429

504381
524129
290122
698989
774653


522895
706000
784114
819670
211935
851816
533890

360996
832435
774464
351194
896986
900688
321324
530802
622592
678560
239953
549214
133160


743199
300687
601938
584264
955624

24839
761100
717983
506045
145622

894629

85379
418195
873076
786758

174134
963761
182808
82547
163309
130964

16423

748673
299835

728771
603790

624731
404036
420670
90344


767042
913076
259082
428057
455639


248650
86696
453829
140136
996970

798202

423656
85055
438496
567399
221222

445511
55898
320673
871145

107463
508893
631226
591490
266909
992339
102016
261032
206081

147391
606577

167306
52687

511627
822275

360922
671068

477685

607748
355004
21719

852581
780280

660603
657187
690611
658261
614434
947630
293952
670419




399950
911843
918110


792040

473528
952417


932716
838319
925807

617641
960325
617498
419131

731889

252329
512911
159838
582717
866236

19993
879268
182436
835472
740368


73371
152551
593021
978310


93370
444289
95795




299936
166429
523389


954684
317046

72227
968326
353109

720615

33968
573560
254087

403593
349684
393202
916109
763392
952201

411584
640841

433847
145603
667295
926510
886594
631795
357991
137875
81966

293297
153086
439739
377237


757473
613130

994737

442322
890984

397241

4872
718294
854037
751050
961614
50573
887509

247516
390327
559847
127672

751862
160499
746881

158263
111281



331998
30710
781808

958235
150819
193407

56060
71800
572263

471069
141433
193520
286906
656655
906277
514912
38586
924427


907616
759171
297073
898040
56517
874804
780137
581918

910611

716508
844816
246071

314444
675501
136109


913632
646678

824473
620949
573674

665383

764122
438770
50916

945182
492410
671611
327839
911666

574615
331859
331482
652919
30630
242301
634377
825048
692203




940453
369050
396872
568487
482256


400807
286043
412636

169329
146724
675775

43629


544582
888848




706976

502794
357505
994345
754039
429127

858260

316033
474611

333080
913490

409158
350878
754230
413774

751303
420890
563921
275705
615612
105245

145742
334944
61974


494297
973578
871417

664126
841571
581794
312050
775265
970770

780331
683904
323267
934793
419017
364907
601938

11020
74849
595106
206592


249707
758214
421802


47440


408587
315487
429931
892622
507272
936363
926008


925415
928296
452202

241131
416793

61435

820491
380845
498176
155854
239001
714873
374849
710551

257199
394748

415434
969067
595006
928623
580985
543465
577556
776890
182459


597423




773445
648136
971424
828381

231430
398025

621220


294956


566265
639331
686541
313038
922202
997455
113984
99378
765759
1199

429583



788285


526592
828261
450829
678760
928928
178811
125002
464633
714890

568823

255569
13117
156767
180574
897621

780325
14136
226617

603620
728764
35032
814254

369728
116275
18742
112984
526211

349068

242341
168850

286573
970774

373156


510975


556364
608673
284818
213220
878186

129935
923732


463792
649302
564095

455873
700913
898690
913854
332463
51352
425233
289564


219261

78236
119030

958506

951266
102114
456322
336700

595267
914482

26749

880374
236305
442010
835311
341136
677782
333623
697653
916558

776967
590840
59129
910926
705859
295433


680681
445448
634110
995412
41999
599544

84731

905611
142702



215621
510637
487427

871039

180067

102188



364158


575277
995110
815588

449251
953302
584562
508453
748201
851897

517811

974517
976997
462820
933738


669434
171558

80291
74120
597653

565932

980917
563289

382402



83337

27392

175948

806878

161251
693227
404189
5693

906629

132629
30831

315615



347351
645570

78490
151211
118366
491265
422474
474221
7037
612599
394753
464533
956724
76545
609790
318337
489085
445153
73144
455841

211174
12254
958234

142260
496224
924741

27928
702776

46454
22970


156698
375470
462153
12510


18188
573089

309731
450805
909793
106172

623319




901868
386083
764478

940084
556633

592266
567844
242640
349889

703831
574665

593830
836544

953185
417085
224389
600389

964670
981291
433272
143589
75419


505995
817342
505206
97540


408496
410253
173709
116869
643738
195275
921001
880590


658093
532674
865226
81283

408839
668978
744413
17065
964846
238567
717400



421646
158854

69508
660050
595801
974479
157174
975373
723600
88738




642818


795312



870706
735800
523609
480005
783231
505419
586736
475226

266959


373205
423109
228319
795639
422220
878300

604686
427289
198007
648914
69934


568552
156486
60078
889072


80740

286645
352547
165143
931420
931074
815922
933430
133374
189758
522062
872144
972265
120860
734780
388733
255820

84037
116322
242322
993491
894463

171030
858852

270629
705537
943479
779954
810544


518531
251155
970875


65244

503369
304465



722319
271684

680203
633107
867270

31742
3867
699218
375016

61319



658271
482685
150964
317761
508704
345824
909375
25636
348890
126972
684218
632194

346011
779545
883665
881752
873756

307503
994137
697387

459488

69011

367103
158239
803749
747451
297047
904791


216977

897027


363802
89497

292531
187121


595077




442795
463792

77911
983004
374291
216999
198770
148667

681506
535071
444233
698644


162866
759938
680839
533544
405525
291410
577254
277333
980182
523785
88076

633605
453558
244766
214103
925769
345630
597350
648938

765300

81981
74172
310232
487867
979050

888968
717893
104590
61021
894102
402128


347299
348521

950740
659358
939205
701156
607712
665879
208173
704741

585586
221483
125020
442002
47473
615436
582317
221802

308600
997677


178390
657183


799835
603344
732863

985838

978605
762806

123330
359450


44752
536752
372493


834850

507158
468601
138408
561704
869922
605005

464319

730840
908663
977028
305249

442121
304490

46139
244238


665992




592112

392664

219563
163006

465477
967841



310250
91110
152312
900631
763823
447393
108530
772243
190845
810482
139964
696809
381796
185381


578475

291664
906062
511522
595950

138410
920941
305759

795284
463272
295310
249233



579936
107973
802027

782306
188050
658940
473268


406442


733739
427778
581769
443775
391722
787978
26063
475483
722219
845490
336080
927220
939596
611055
938898
249457
575128
982501
455788
336540
546077
330857

828250
216634

488173

124712
484051
951676


132034


255158
495325
622612

89563


995633
555370

620138
8915
76655

607037
501047
328363




634572


417372

769252
338526
883621
810852
285704
120955
381599
524265

837185



209034
794954


981401
207045
565944

609637
296478
552317
428383
72939

549957

935255

233582
93334

16804
287785

138727

246523
484004

842136
645828
741365
501684
986481

163460
46190
392878
677328

267374

857408

437341
417357
879119
793330
828647

516788
823830
784072


92094

503844
608491
85244
734801
149966
594322


716444
803918

565171



632539
407788



801545
359676
463714
230494
834955
390368
622870


867666
6534
692741
838533
308530

372407

801449
677463

449082


68148
513199

411945
289479
937586
350938
200851
949684
547534
811408
377345


31630
141298

138667
226998
76196
936469
49377

452858
201873
157550

554324
527986
918377

802926
178572
917416
621237
272637
554881
947274
26103
27075
168104
431869


228145
654413
292048
447234
944765
378784
771560



571807
278210


67984

994645
154306


990987
647007



871581
884658
308135
554820
762006
269735
865793
341161

172854

704993
689377

314468
980644
558828
842395


733544
274080
332670
590497
342781
816024
635096
370092
921485
73587

283973
379143
135483

456837
515836
291081

736652
869325
618004
193714
338495
102605
542068


121530
418950
666042
415009
401637
835515
284558
930844

792302


344762
780028

896353
86633

973156
505159
244884
19787

171602
308077
204938

677242
298648
851244
71650

397199

124270

251884
591330
900120
856535

425845

90050
29134

54409
413176
942244


676988
777577
938302
656786


943923
974916

650053
947522
373600


998723
789931

666949


328153
176214

180858
949656


689011
901463
664442
346527
872717
192468
360170
193281

601242

858579
326464




70794
9180

359374
694159

402360
108730
180107
11049
436375
971560
258119

821777
728368
239194

611934
536259
948296
565081

950140
345964
535552
198237
771407
666154
919018

148183

379303

407100



221773

387485
57229

870056
65268
187053

568753
514921
189669
920712
892633
334998

342724
183649
269660
873260
991240
756214
20592
300061
908316


803166
694571
661143
770561
914912
74243
427931
370915
158912
539379
763561
850514
489742
259893
860193
215563
19374
406747
626050
610559


520179
324164
580579

245516
667139
279956
620050
160063

505661
26635
362561
571772
286554




703637
504000
814214
211957

641557
50738
841907
802212
222581
443536

947744
358059
639706
18280

248697
681949
82205
82625
604346
511592
299419



127290
708268

468331
705786
490915
653485
508996
912082

904988

217347
897102
536736

565046
891469



165885
797068
332489
518979
129512
774082
436404
627103

639443
258694
722345

586308
628585

388115
826158
821349
656433
239340
889304
38415
681830
385187
588735
341634

229305
291217
383622

378397
881063

46866
610861
720386
928299
598987
876671
799496
69893
24944
80393

179643
380270
146920

41534
202246
585455



433691

521853
784702
628493
120513

219406
789289
642480
173733
291233
566121
893332
791176
207727
673805


555551
223278
806476


688239

635351

775767
852062
873530
46774

347721

615375
57819

74781

392124


756310
717997

667112
600355
665307
963673

981742
447470
326610
299388



662136

369720
802019
855330


24299
212408


958580
252871

256572
661565
464217
290282
554049
915216
377120
443410

848917
445939
990728
851166

290131
668995
446070

526111
52484


980821
488881
778688

238247

941859
323670
764287
405046
735963
629000
437241

453977
823864
74133
982315
545333
604008



695930

982870


991137
155003
937711
718759
935274
140350
661803
422610
401411

482631





29880
170763

738000

626927

246496




248516

988058
346677
737490
15507
687142
459695

733380
193214
723771
847518
896650
329688
695776
539851
441853
807023
300733

722721


439218
951707
421707
615459


286782
590797
747372
739730
559942
894160

325811


872113
101719
377544

383267

872128
408925
620282

408512
521792

198594
972777
225525
493894
219970
411142
197898

642434
776989
213102

877408
727148
169667

886302
318387
530524
503097

295136
659494


466286
728677


257876
109731

354313

533773

53305
798999
708822

450493
736614

902577
283196
712173

507522
189027
164860
462112


371192
331368

66746
633947
758981
79181
554506
331733
53406
588845
424098

803519

423961
27080
436307




564631
547910
858590

449706

454390
454113
933279
61081
978334

960019
300105
961599
597305
28187
856155

219620
941578
315314

112681

79568
664589
515201

398796
549496
880917
331513

677884
323400
214006
628624





416432

568571
255470
243112


343761
140186
460237
990519
334419
660579
584699

909577


175413

206583
472224
129928
695922
515411
254684
843027
530276
682742
313356
44190
379544
2819
912950
562050

126308

955415
798094
88988
950324
424956
952624


260058

553195
738784
867956

179807
74701

41040

134630

117599

195338

279090
499687
85045
278334

848092
395417
155978
753882
863556
883513

91920
858942
489872
296756
929211
367671

896250
109678
360577

803718


432445
91673


5718
543281
980409

72436

615186
251586
734693
515599

662335

775967

359431
760526
271267
607037


686237
241023
46362
242603

167316




988078

595659

119439
820604

281936
528213
621384
660512
706241
335067

372781
495777
632615
704088
862238
880696


957272
632736
762394
295744
836758
308339
913947
562425
826077
577585
246482
621110
624950
99203
348211
38062
360533
209795

309686

479567
328060
699492
192953
569895
213154
654628

729280

492036
885250
817312

233259
496454
711646
510593

349151

329045


26037
541159
654323
918243
57883
454483

728361


964415
384852
591328
337522
523681
76899
48010
951789
902718

13206
371683
536068

980465
224013
679783
272858
292708
611312
201182
728929
141878
23430

32526
179026


45915
209507

139350


75132


826426
504807

160434


497422
953834

484388
252384

755905
693329
160702
852361
30311

209239
553298
880690
248324
835715

312725
442660
687443
794080

954277
13094
364435
631360
162557






130986

364028


557257



54786
815874
938056

946388
966149
104413

119766
866213
933089
752559
632706
365285


806075
263846
768093

76026
120618
782511

678462



160569
887227
950728
707479
802119



725355
508080
412898
187942


671616
488587
622578
704772




164141


937685

30098
534858
760408
424319
820162
144408


491086
681435


517380
563047


405804
116836


991576


891695
493744
810170
445720

38963
807393
97843


918783

981345
692582

600478
897081

831467
130947
746787
543602
95622
468249
98993
635380
172318
787229
805986
265590
226089

78456
764127
820155

221350
700202
884276

483317
331260

329769
43844
390448
67237
342364
746155


102551
89478
722108
197584
195526
570294


459970
328150

456862
246796
782249
562278
751615
691462
91578
923694

48657
611534
221445

216404
801072

307767
469635
910102
371369
739886
330425
776331
206943
59776
124925
963191

867645
70815


902718
717736
18949

940899

539039
518390
516156
362358



69924
592238
371390
618288
489256
251443

60445

566779
775885
932033
744869
74891
465193
814434

70653
325285




619613
30014
731165


155839

353932
449029
409970
533473
692567


103323
111829

506551
503790
951145
926600


76700
345420
298296


563643
737799
218471



89115


632003

756612

950455
308975
584034


637665
600825
759562

438377
963808
871679

304831


5562
244243
495193

517053
582607
144377
250508
937557

311091
18275
897561
910584
119954

13662

140999



673964
340739
113626

75702



634808

669399

452300
450986
932427
326676

725606
902304
235306
910463
344602
490364
339982
869259

785069
577776
232242
354376
397863
741847

559175


644143

224672
456514




691530

610447
150179

757100
547103

316462
728990

839991

359074
575834
135190
713643
895458

148002

751078
704635

491841
294895

648760
544698
571360
64229
17460
174140

821072


551177
210022
879379
479053

61422

618998
866127
724024
48221
836577

754135
587250


882400
280457
450769
214837
405283
481602
139340
192636
343735
590118
631993

985970

811502


304387
970965

63473
783381
836591
748442

49085
422790
932458

731814
41503
385135
900106
356989
238405

449931
848273
911395
963185
288420
891559
65322



435675
621190
365928
796438
296323
336103
190166

238703
923191

790391
733336

981519
560006
746374
313997
840025


844595
998949
794783
559033
587416
543821

238786
269562

691409

972853
774934
150308

359887
377636

430884
851560
276276
798686
919518
117297
24788

226251
748686


135492
886715
511064
920087
912853
382998
307328

746722
227600
482336
303565
81530
103793
825227
481799
45889
191260
699551
7206


925200
498408

356729
489439
209229
738494

33351
27197
826983
856236
874722
372831
441655
7850
113352
456107

600454
465892

411860
543769

346409
959422
5351
436221

742874
303945
13048
335259
946071
712877
309870
990262

103341

984184
735834
951077


539606
379499

899360
148574
276338

774245
734161

228367
632572
864814
547479
91687
7822

549845
766807
809828
167645
920868
348144

753814
110206


976952
198378
550788
953605
404910
284709
710136
50341

266071
103094
999647
170863
277113
779658
634908
717684
178430
686510



464605
704110
192228

558122
947597


198928
187772
594772
559431
673924
424547

342787
151227
812306


609993

67932
86135
409029
56756
398515
188877
809439
691435
688706
624805
670184
274085

139227
371951
426223

488245
792054
525449



557708

970882
790133
76027
956860



92816
488887

166648
375681
698275
975035
125010
519555

710809


55675
178466
750332
846669
62112
522900
15604

717554
635515

114387

716467


266885

764929
428699

15398
966133

466669
102743
350071




663901

240141
199442
193741
671842
94120
493945

79292
114927
747257
898453

708095
707795



987707
754602

783253
373493

45691
861664
22009

138872
766116
312538
2005

458476

652507

963482
426425
316211



169909

193389
653062

815417
222677
403619

143580
593733
686909
276294

703001
917157
543979
224259
683416
737942
230655
470713

166381
825116
507688
908688
765726
237663
119727
667808
724107




296546
904677
611069
130651
975315
759653
27847
31437



77325
535890
684662
714100
990242
653062
812743
947695
586512
368410
978295
131329
151433
51689
119133
490480
955720

663500

650851
635803

624915



275087
539713
480828
797633
84219
369643
786579
979214
43258
507644
583348

906471
142241
548721

29931
565882
88499
417039
767227
383944
547562
260180
884180
716228


909407
302452
447906
81113

204675
79581
299074
804209
169923


384205
230611

195587
483585
19326
382527
496748




683672
57704
647841

468473
815223
305878

602652
452878
427235


543813

247794
932387
498609

614037
927415



520974

720693
33898
339687

915540

194005

575105
551504


825867
733329
734243
754376
501452
926587
208766

114980
217764
868512
635885

988924

932363
526001



283489
157156
500510
360953
491184
928030
123801
862792
68359
30139
158303
359202
780224
694160

633718

980758


866465
75285
484700
775633
584193
55305
188392
487828
274942
977551

818407
248625


650063
820637
798190


335105



823303


525739

72653


531899


917825
740299
520106
729921
65158
305005
700421
849270
300441
143593
369720
912717
698699
458780
790700
8612

419037
222869
776601
719282
155756

364162

151370
530198

161191
489286
95200
894635

921019
568718
48220
583224
457003
54245
788379
870526
305253
700769
408495

642245


892409
61305
761501

247260
720728
836197
861424
77138
781177
667560
800791
722882
562560
957188

985807
736999
978802
740520

802839
968052
667467

869701

243549
354119
833803

486724



172754
360192
763889
647753
412818


590926
1768
711663
802591

455410

193904

330965

287480
537383
575882
552195
289759
286183
33155
267012

571593

770298
711912
492115
334189

619239
919893
341173
781723

18236
670747
927426
828732
565189
644889
492586
180203

415168
172324
124138

841199
238399

813339
48817
593806

18
367419
393420
562671
90889
15270

897989

720846

251299
948071
277018


59014

50220
473573

388025
183600
147171

623584
271004
360835

67960
758311
804443
985503


483314
677942

659009
875455
922505

998032
960086
173125

706914



446045

528904
723131
305552
508185
157761

726399
863548


10740
641130
961550
728838
34152
415759


932962
863639

18592

819554
26348
345719


598837
198012
688076
464216
9373

712902
626342
503547
459802
34964
248640
582793
619106
945177
665331
582419

594150
567548
638335
153026
739439



958003
727155
910647
96620
844514
172032
95889

448253
764989
599166


313815






194322
664773
237041
227036

746022
907000
728721
66661
555068

189146

51446
658116
262737
82924

367216

74422
786669
272980
470571

940427
595036
8663
419908
423266
535222
975109
913843
603364
565732
531835
137276


883732
313162
551087
507467
245528

819527
946557
62213
709822
409378
211552
173971
191200
577358
450263
781688


945150

421064
428637



337627
30344
865334
704389
739220
213827
473084


684949
42176
907816
660235
342333
420626
16696




135705


853870
789009
770569


40839
850920


32549
509127
540676

246103



34511
462757
826365
594299

247773
330094
361662

995507
657225
534798
71841
30173
555041
932666
690962
660586
514035

742007
144473
795443

438035

152914


746695
564523



279283
780639
701380
738456
89530
183934

215398
682432
634491
387807
87187
314879

262519

163814
272770
285839
713955
777678
934254

790900
930068
736609

226375

949435

613689
804335
313637
868545
383676
87736

478748
230623
892919
728442
528030
341452
325432

358272
716417

501916
612844
887854
362451
838436
24238
815507
246196
300981
109877

524264

556547

358715
224006

753836
113930




320716

258285
718836
471607

968745

408173
504341
520135
688268
245055
712691

47934

952523

157518


981355
192927

275986
185136
689833

602242
138815
270577

132958
562108

434040
490592
554171
165584
878904
972942
650350
112302

739380

945480
378840

618934
170455

812434
329065

715837
121844
292236
399705
222673
616280
829736

268053
889412

328103
443618
834606
674838
76698
516622
685502

627921

164505
846155
63838
465280

117031
259110
359420
61160
947544


902808
171409
127033
328987
326765

99286

226322
315276
845233
996043
217020
217860



574939
340494
99877
483961
235856
627541

979523

995655
743671
624452
729501
275979

928275
591931
334509

537663
32420
188157
759111

477093


840733
809225
352088

226934

226531
247034
356804
761260

500347
688032
383144
1655




441585

526374
235763
366812
313236
793459
514640
497191
29475
877081

949544
278089
276284
492777
235621
749177

663774
53380
284913

587900
818937
808560
826136
640864


348395

299503
838695
349839

64940
986541
40557


538870
715237


613819

281603
632261
982464
480062
578294
508268
240246

283144
335326


609724
374579
202239
494759

943572
148455


577122
631891

683954
302946
707479
68213
33323


693661

696021
927382
260650
385561
239335
608352
715482
209934
139981

210916
61917
141535

225832
66289

353029
724104
318064
57571
354270
24

679509

988186

849496
878685
696981
551679
493859
243446
683600

647592
75789
807386
678850
62149


302511
315507
552026
714415


360636
145950
997094
928600
581525

915461

983497
873453
787931
919177
884431


542362
710000
207111

806412
395109
387703

707789
70887

331881
890985
435803
174580
24434
83785

667328
841074

519648
913423



521228





842501
957891
145321
943328
780054
151678
611155

44204
968445
503857
21763

904476
776406
598127
487496
827534
120060

409370

224545
791624
438840
369077

803313


406399
240100
492881
319692
445470
874189

185545
998946
555037

684629


817139
390496
523037
572401
947678
409579
998103
791506
377981
114754

746669

549207
890492

457414
211717
921104
453714
621404
71628
167341
982259
161587
139388
944785
922598
202022
406224
921651
367612
949003
594663
743391
422699
749399
276224
552520



977161
64464
65603
269797
742880
284296

257615
34375
729567
311196
808042
788213
267830
44496

577609
440831
751822
220893

5107
302378
669000
289840

966389

253602
760395
989445
506444

465483
142046
833964


387717
548590
764513






574223
977955
394529
122454
105755
888506
781236
357688
191642

580012

98330
73804
160031
179873
824737
656687
759798

684304


414237

626525
988264
212502

683245
390755





847411
993658
620873
554548
513041


338522

959917
130661
274115
943673
233876

783702
655610
13071
638860
436474

563001
876305





889560
409658
110498
675733
832471
610975
421103
243998
700637
849178

230989
512902
530430
90912
474492
470850
82275

46288
495156
328769
848189

142084
327365


620576
384064
410403
57717
239662
990981
318098
712537




955788
59724
58475
346672
376567

366163

182587

415445
663923
441989

166217
862385

177625

911278
485472
344561
547737

596820
615959
871500
425762



919584
641657

256737
618968
861458



828777

797562
233983
972744
983902


672615
872430
555263
525413
402826
762967

618871
309580
674197
671026

232224
589433

724826
161565
877940

317698
198706
946180
193716

253151

699173
432664
752826
670666
720451
533848
96520



587236

345385
169261
287679
162828
819038
843669
896368
577680

239135
732864

391273

332348

791447
585556

591350
143029
881897
740664
342903
869661

410223
550649
31868
36761
291987
672020
542765
975217
654754




355354
804550
57583
118870
851155
577411
511031
750147
239069

55901
247820


340979
753296

989798
52477
990250
641770
813833
681587
872196
998030

276859
301713
846578

60498
905562
346543
423443
216647

864196
5364
645687

560047
616303
310026
163275
405396
543768

429432
9525
854228
866123
71156

818793
98946
444130

304951

830314
923938
57803

683026

493643
586701
544207

355662
958230
322963
775619
335161
164636

242159
561638
946215
211774
41471
21050
395189
462611

10656
958148


921263
955935

517478
841277
907041
428593

587245

830399
927346
880805
63449

427347
249238
777385
125546
41518

71165
519687
465149
893401
501081
904345
944852


496595
574637
335702
110808
977908
646219
44045
584156



632236
353723
198769
856465
572599
275147
150689
634035
275875
290493
454671
717619


668173

88918
80400
80508
118426
919376
70557

242638
820132


459636
868643
834853
754349

56442
885945
349916
404784
751083
184165
199886
632960

920048
761372
317881

442913
659116
186789
36595
274280
334323
210044


30294

21651

943788
529465




426565
660778


885736
236109
949338
229041
689015
826363
933820


621295
912513
183535
730758

48086
970768


481922

529802

941496

132355

158400
919569

581896
700862

500125

230828
460372
350661
360071
811801
136810
266854

146032
147090

583036
78885




59578
358508

830500
143011
569126
410246
496766
972509

260972

310158

691388
65247
204362
731068
485455
555688
156960
955309
375684
112664



165098
361837
568290
233974
248650
920534

440798
433557

7052
590710


645768
447237
319755

48865
45244
99720

596477


533133

683352
918690

693928


275522
758053
150405
124680


472727
8344
505864
487354
717282
970524
671726
98137
622636
512555
978819

609083
391383

588648



745002
191745
722609
841598



526484
716058

44487

623779

662346
561379
54876
468560
746027

370240

985126

516791

990053
258980

254283

841661
336961




212075
346682
856389
236957
962280
873996
218917
880061
534997
294792
576397
831190

268714
251062

464924

282982
486201



261814
734502
240637


18806
290935

896652

145194


64392
40133

491893
471343
536765


82016
654929
556555

889535
868628
408006
409274

37881
869676
618595

416930

885779

822898



979215
467159
96576
617150
893755
102576
158010
162347
752472
773733

332196
126458
682517
494691

603696
262300
483536
457959
408303
31123

465481

720891
42770
45976


893093
234934
678101
588161
403054
75082
945035

643034
853428
80145
401608
625652

926726
964595
585180


374195
189349
70240
163627

361730
482271
375958
125846
13370
191346
300004




703819
746015

713874

689522
534074

110935
526509
771462
61396
929487
64237


415035
367141
217197
25090

516832
815821
520583
253271
669559



198929
202777
761466

127133


971513
288740
787014
935840
311012
891941
425468
532011

768240

357305
211308
906889

578297


585847
317612

542750

894182

576650
223837




801856
769678
383391
760545
72665
877220

493275
344975
203361
38964
688661
256338
527291
32301
876497
169493

1909
816588
358296
672672
863371
822861

130694
453970

401216


698031
541362
232895
32197
344758
754918


166079
289603

620022
523987
815221
601021
467094


716819

109374
491683
733284

189878
271924
514548
324666
615869
305100
199987
674886
687795

764735
641456
601333
605794
809866

111107
584206
793493
85844
4893
511833
51648

516062

759889
934799

485024

709987
468143
259884
479411
314128
965817
502221
604955
462664
409576
384883
34687
758892
146379
865106

344173

548007
190930
567235
506531
366358

797120
289429
856051
573023
337748
33787

948332

676823
379008
455047
758707
743335
91811


386979

877787
498597

471954
951944


746902
682528
817666

527810

399792
780976
774458
26883
750916
830899
799717
506189



116583
139913
429238


559745

562313
862746
483335
321798
497667
69408
835735
620075
729027
233316
208350
145071

882534
243223


922933
869858

596370

248142
988611
885777
114286

438609
752730

897462
746210

581198
445529
680266


324704

515154
911750
230233
341836
121980
157236
981672
652792
831584
511623
581358

28432

263639

380112
244017
798658
102329

924190

969290
124136


867229
521802
131002


537239
896292
275872


857712
286844
576638
99963
716833

302560
542918
546249

793542

536440

754167
638866



386789
852169


176087

569601
577712

548480
131803
233707
603268
357204
966717

767781
540801
195780
579107
829548
489667
271861
682309
214838
977144
315493
440831
425354
917073
644579
786359
656550

623417


587918

749468
422110

269129
903733
108217
481107
238301

842828
646047
931124
260678
234527
591050
633
72746
499678
138261
38222
509831
425891
671704
113715
484228
439520

923921
67970
798988
184629
368646
263190

984522

991412
70503
360345

331187
42395
295416

472394
870940
470638
170991
90613
473808


829750

912814
697304
728708
733580
129120
640476
804591
908820
409394


780026
560616
911552



18649
61769



745248

133778
269885



513052

553644
481902

959367

383313
363848
125365

129875


589753
813527
567436
155947



507900
845323
391551


527175
511024
802752

91613

100925
20730
9727
64019
632076
798510
179906
677901
392216


617065

419724
636851

474512
198623
551610

775533
713838
402688
768035
57105


261806
204142
572406
239230
810543
761814

249478
964995


316270

708607
63704
334098

219822
527434
582350

834375

63744
421819
455009

636428
580574
938129

13648
23845
461175
742865
689623



456987
723824
601261
27576
813608



501395
382792
836679
145092
425218
365201

261894

903131
946880
595827
254071
84553
704297
451028
346914
383903
599083
82859
739205

80140
154273
843979


545902

220127
648144


87424
647151
483158


117571

956265
708321

589600
342304
844224


621731
271381


381101
870054
735094
563781
950552

308063
464437
489483
907559
362774
283128
655376
126462


732900

258989


590548
727662


99071
640272
780556
597635


690623
643526
964676


323604
579879
411620
896090
743385
719826
763761
632717
868019
273828
253478
58448

567090
515640
195297

745906
655257

917184



280
295351
2412

478827

992260

864317

752877
569840

248389
911556
746499

907829
333783


845394
901495
868571


879514
314819
366221

501695
625405
446124
290138
54985

131866
124030
264556
242139

425219
631789

62265
291366
287308
851052
418150
968922

688653


523526
182275

718475
830550
758190
26189
117817
448283
383368
205281
796295
144977

158321


155741

55883
153126
414680
698294
914971

788567
993
623659
969704
899452
946838

429374

684034



856831






49535
799425
406867
701742
115206
516526
61749
825509
892150
651587
257759
575109
199847
31797
581515
200430
704227
65233
43082
992984
582029
259267
629060
381606
671239
130011
211957
771975


797640

790417
395376
888508
622427

509373
140103
147876
361111

314168
640670
664293
508168
135011

120106

722666

525933

807592
852937
437354
662466

211361

895302

94097



796240
907992
841697
257729
791050

720324

886367
623863
867939
298852
443290
782582

151124

617863
881730



384013
569672
108189
567577
187986

205830

358589
564882

479165
553846
598311
181194

981540

944435
60709
656280
488292
236355
489258
320307
800144


807230
344878
914053
578992
300449
844789

759351


789662


741258
306321
317388

313722
619566

457366
318911
919302
225013
686013
452160


366496

622198
336685


965043
257603
772122

770442
301424
55990

161927
67444
883306
842066
288391
316093

965895
65791
315232
523598

951984
761447
72406
645853
504808
943305

905748
450047

635075
236705
882078

954693



185498
649932

83195
305911
964723
380991
480701


22367
714732
508107
42119
430509

249813
456583
963361

160740
550396
901770
9551
316653
10943
947013

380666

643970
483782
47814
353455
583891
639965
317651
835761
727746

436800
810950
201853
879515

406718
286727
381960
297220
898448

218126
672088
348879

837152
941367
402735
613067
90465

131400
526236
91051
163891

648006
275151
119532
975510
161222
501715
362996

435320
4672
421730

260911
727002
661936
255325
997579
68925
225269
650872
327166


112085

366211
147300

64393
786829
284030
747789
148246
291749
364459

141182

689396
337638
606933
886931
50588
671839
104063

238672
598389

71812
563084
22054
987116


676546

68256
675548
814795
432935
530796



551913
140364
496910
817597
145345
752008
872518
322686
894912
851745
290275
269660
333883

519162
938390
567832
216654

859521
309750
251984


49634
334767

584873
444643

230312

123773
916420
946256
24550
904848
302265
660071

667612


918717

527627
987743

577963
283847
25521
934632
875459
573927
947286
953585
198268
349501
38854
265249

983165
548223
242964


548323
606072
615700
51795

283942

226991
558653
747296

318413




693598
400629
824891

653957
328757
198999
804192

860292
384634
426064
152583
198165
933343
118540
36031

15867
922916
806788
338558
449059
801274
122877
916782
352115
349214
74395
13141


516491
310393
17342
380742
973098

78686


518244
66358


855724


879662
519255
166321
674862

991073
118674
104196

700667
531123

774233
713527

830313


688783
564910



154014
855376
340808


960397
119270
233662
497742
360785

248543
244622

938380

436165
36343
916131

654159
968319


877580

625220

18763
577662
312163
523307
410244


615439
840735


855525
314921
165730
909071

262716
703553
612260
662711
255530
527730

329526

557256
21290
780544
923509
675569
172651
613698

748106
109478
597360

890770
803793

263499
623211
990506
688581
261586
254101
361308
268955




961507
650615

846208
133213
966536
680166
998496
603575
498406
501082
407629
212302


85510
829839
590214
44855
567894
384302

878020
139340
101726
233630
603161
666303
340084

729896


414115

528046

201136

99184
125698

556115

505968

824401
647829

861221
195131
21705

631540

531731

784089
158989

351424
320607

622885
718262

356390
704188
158840

747026
670117
107467
948812
199173

693687
638292
32370
535381
943676

927657
803307
574872
229002
715252


205089
891253

158929
823474
552912

384045
497087

818947
647721

845187
530742
142890
58924
490711
7010
307593
271050
197377
287827


484732
588159
776688
80443
367791
663931

292420
959895
118547
652152
372260
933299

367551


962816
107357
282865
454007
192063

686075
773465
95765
417698
98751
455465
283937
509761
39119


610556
98559
843010
620499
705928
617024
215162
893428
136812
14010

197631
693814
66538
543100

131050
817251
124082
56280
687715
428203
257789
473728



981336

282513
11269
460271
645293
874212
422190

432911
384008
267486
634600


171220

338962
835120
924531



869024

750067
82166
121227





452336
294196

523783
335388
190653

720201
493508
612028
12423
322530



584364
950035
482631
159708
392415
389911
666785

744790




636593


88421
906400
998849
355016
351279
186840
377958
474341
491315
599534
683819



23623
816166
182139

368545
762760
363996
10647
242748

620354
552700
450450
649216
254143

582078
127173

460464
910744
62264

378733
757242
672410


546849

951895

797436
117781

130809

193430
779394
969971
238503
66855
560697
542454
28164
996899
59836
176312
399289
112451
497143
868901

58801


8209
574780
157459
285980

328130
183112
123230
394650
607131
913523

888302
288974


96188
316969
566579
461720

673503
221191
498369
69422
214025


738493
657343
732204
755156

94911
734385
752939
101037



94098
808606
256921
556328
961879
371279
1517
231068

730548
248700

972597

599872

166062
407335
965838
674901

610736
98526
208518
887059

803143
881255
453123
956335
493266
458775

173249
268713
138004
333059
355982
286444

725146
724584
241636

860432

179795
564923



731551
676232
132232
853698
405220


927238
991492
735233
647305
822962
925429
683876
59394
55038

460861
97508

771870

757278
349230
704297

368859

449707
760806

443778
233260


945454
399556




413861
67738


754619
901657
156866
3957
516495

781101

498428

234037
635487

674660
973972

954932
884065


325466
437056
269668
872024
781629

509502

436896

714122
519219
160346
495122
932239
429741
204930
614304


250524


937232


431921

289941

580441

317133
835186
165675
50440


427777
565652
347694
138106

226042
98438
640445

641123
732139
804948

442836
149971
31747
747705



8806
244326
212115
21003
200455
15273
740005



400883
698818

763809

122055
50721
295712

664074
15240
170262

267478
523841
313322
467543
919824
587102
656385
305283
674369
214887
629

66683
958698
842131

876719



273072
516268

880746
675595

398352
966301

751842
420359


84454



360167
706117
747780
226843
471789
572441

766712

149780

321735
659531



322260
291129
417074
962749
991304

498985
778342
261022
617382
193307
39904
398453
578584
773017
761495
976182
912693
478164
73238

454583
747260


965174
346943
218580

396543





895401

532807
576498
978298

376659
673711
530255
438846
964768

841073

606796



380253
619632
420939
774727
582868
876704
131776

933674
187992
701262

672410

511960



781122
533551
108192
191821

869731

509694
551950
500609
541622
251016

514548
391996
733693
689421
485388

143504

69249



579113
607319
342861



768691
662483

969228
336893

969310

463490
376959

915969
659012
695959

943537
562837

745539
665704
869613
96365
228699

898133
207503



948820
161372
673114

489090
884095
953715
100740
112495
596971
751292

790017

365735

691825
408816
828646
140655
770192

96831
376160
832551


171234


132511

705578





124370
212582
623215
400445


792032
207831

614338


847960
670537

495120
70742

357803
418583
426915
264546
431942
664780
518321
250873


338109
55763

236175

722150

195733
344260
218570
14129
477517
537062

231416
720496

292636
553613
875389
427034
234680


577119
645520
117990

267938
230001
351311
726079
256425


299175

564467
719356
688022
86654
490019
464326
339951
15668
78148
279443
265980
69513
921616
971472

64414



862705
112324
231604


910522
554510

887367
5329
16956
94158
400755
689563

830349
692545
711536
708178



839499

458573
958535
86927

119799
156959

827245
335867

590756
484849
90189
248686

665837

248123

805502
201438

33405
692556

779499
172357



169511

642628
450941
868487
279021

619268
372988
99832
913371
443974
497350
120421
789154
746401
452153
350721

435550
491080
91872

624966
499888
23214

725853
464289
815396
957233

907645
38940
224110
310807
528148
339353
151062

840575
637346
983360

722636
895830
124099
14310
76250
351291
457833

215219
692683
229644
910163
34881
488311

862427
943510
693454
599602

518841
352083
457981
224035



197710

119940

398799



339745
623522

136970
591546

146594
198787
691952

305832
378950
331514
571285
577795
276756

154914
344351


309213
406479

779973
740633


437565
159754

488930

430598
978376
457331
396945
661956

103676
776235


562076
525894
305105
77080
553352



348761
753128

53763

620129
770645
659492
420809
212311
312412
784855
686401
268432
511701
620084
558538
788819
939984
152174
176527

155196
955779
887195
904145
144905


413224
63081
232936

49076
723723

637931
631145
528968

161120
359420
530359
379256
8225

10605
116968



780220
510805



24455

900405
833508
86728
748384
539851
644308
166622
708527
967573
682743
484030

708605


684744
126672
745631
95623

775085
549636
302265
535823
477380
119421


546216
661171
623384
500310
923657
368857
124778
878174
964732
834796


629376
983398
219565
426492
287518

228938
927264
390652
329905
937068
521569
56718
977733
167371
980944

270657
411471
903722

18253
293638
622958

947066
682696
443555
997343
883621
10385
41121
40789
190729
140053
316994
481632

85310


921871

364106

189869
226371
916550

668817

9080
22999
506230
499494
209143
261651
15069
911344
825089
186340
973038
231290

90014

712549

900988
922025
189829
879698
772216
645747
371346
464680
192048
71310
12887

986290
580776
610106

539001
23535

340997
214244

185291
910975

847633
850304
93294


76779
892963

886380
208690
470465
224890
473071
301750
403030
955570
559025
709947


379650
329239
476881

358298

836583
452978
892208
253680
884478

748316

138612
624981
998432
635712

524804

401910
155366

637562
530599
115681
707634


466226
152362
588162

921406
159077

717331
308683
458111
927228
705140

607812
443320
490385
571730
619331
136007
852222
689702

663891
183368
825001

343346
285605
35313


43861


66042
579191
115790
181729
4732
361317
313114
945237
395615

593543
323184
99066

825693
168855


23200
572922
352862
716597
762655


444444

639910
543393


201329
46348


582186

196688


860268

618641

897068
535611
494136
860246
871432

175841
567562
908303
417488
618205

324678
365218

283875
940013
271040
245006

447837
535707


363014
644237
850980

475994
807821
652901
337466


423158
939362

247162
495887
288224
320983

144
318955
243169
527884
546589
733514
762709
743166



183622
973455
217954
347801
130253
136614
385797
209689

601448
470476


188817
491238
765414

562646

643164
802722
903534

653677
243780
22283
114566
241188



923630
452857
952260
189012
683012
135535

794372
669288

136762
137382



675889
254665
531285

266353
660245
398844
982275
503194
170652


440695
887724
534867

761849
949622
239370
328227

38057
806939
551805
195899
210950

511435
127549
312672
243896


945400
753906
405135
34015
813129
50521
47714
210730
190073

393873
603665
535941
108079
112340
765506

211877

114452
209147
62714

514624
892660
712621
571152

71702
236654
906468
914793
996325

923440
175810
648250

128397

704242
133639


936541
675910
326295
353302
940404
144837
958362
163134

535451

861435
218354
283427
415472
954694
685007
461596
426366
991951
478835

424752

554017
584288

690083

825394
183057
721792

865684
283947
415512
504466

452424
738814
765605

994685
566417
874355
230256
974781

380083
874437
231065
925049
339170
175580
976381
86832
482559

973696
154520
157904
945741
241381
838704

939461
775035

236817

60013
397075

18229
332384
445435
909001
255071
649100
881414

38891
462080
262462



697949
1534

857337
633394

722951
429597
657292


561103
853032
961759
626875
17804
719572
522358

519607
673564

512315


149359
139253
326207
684441
250228
472357
596574
278723

961012
378306



483559
330130
817666
997635
768265
195049

556279
422703

189273

71959

903238
497981





102409

974244
346892
502583
413847
989555


193575
604474
190678

35814
1110


338040
452660
577441
472245
810737
244415
396209
861202
757824


37795
384141
874619
148228
614547



705151
999804
303237
326529
657059
26155
443728
588780


809767



175078

228750

936445


322918

822739
87387
623109

577872
480969
47568
515029

85756

806303
372472

114584
287566
535070
698758
249181
567599
906317
519727
417807


614044
42128


140505
821724


348918
27446
511597
500688
369919
991019

705612

243876
482160
560215

619181



819872
117855
386369
996638

507835
211296
719825

659044
853446
829163
286378
726708
796123

243154







932745
508063
652757
285689


690309
587489

929361

673670
442102
469573
915286
434268



356398

140372
869428
572319
860425
406017
886383
948763
798911
159754
731293
342546

870563


705896
794591
518512
818387

429759


203878

242795

66924
320663
715030
229427
759185
450369
181260
7890




738717

900235
617469
376849
377809
473059
748465
752884
421357
411907

122123
722873
846166

503152
226889
272694

321341
668204
984325
482804

921228
753907
4039

709652




625664

667891
429802
512717

248709
548389
902347
779597
563345
971676
891137

451838

60220
590737
310863
12976

820796
752604
270410
692671
711440
250101
409652

110891

23959
932180
804578
525763

436706
789616
793302

948710
171666
468302
14938

596186
341741
533309
447598
699911

819443

468093

61504

343256
12949
692206
994823

985135
530165

507336
416131
282162
116044
609135


825980

7602
407157

299689
983384
205279


37430


895052
960426
532798

173731
685085
570541
196429
233035
666134
365108
88651
399210
748680

72463
332564
658266
629958
369678
799672
956955
950840

450871
941558
242581
525270

301074
937093
664752
160536
887343



291644
952839
619949

926163
447441
246322
382975
851877
79111
477033
231605
172859
501619
420662

285592
786871

32752
566144
336644

861950
501286






993243
846819
127410
824985




157875
730890
419530
687703

382622


805592
29861
337870
476731
251895
993070
196175
414600

420631
874927
592083
498862
355139
326407
409554


518231

235740
448018
411656
704516

903168

34769
722695
213260
75763
272102
672555
281173

582586

126988
560346
232723
482769
255765
958980

693857
824728
954069
131139


437634

206218
684148



523322
133358
332927
274850
665169

590858
569475
284515

237904
336074
98049
806058
439502


197769
570857
663506
868393
935771

597027
652442
135293

172967
494407
274446
859389
346141
294858
735382
78943
717651



745574
530487
591217
311564
318898
522278
520626

515852
998393

318005
116782
368169
356852

282910
394628

222271
804715
31810
103337
452971
287989
235878

796310
714591
623144

339657
377956
844281
192651
604539
710718


401737
563587

555354
349220
757654



232697

110587
639989

743318
12386


253121

899699

439469
866939
777903
513531
996797
803025

490085
763956
457354
761943
269010
675644
166941
494282

46885
439891
346976
898540
526244
170197
514210
436876
603242
859958

551771
546099
964205
471227
158521
454457


987394
727232

213512
526598
624641

428406


250985
689912
808693
60056
755500

53830

119964

365960
319806
567927

317217
454252
561809

520923

479041
270531
66171

289548
788864
374877
47284

377478
104254
641381
155284
303465

693407
71577
273127
687366

534012

132446
856456
428852
387963
361683
941483
728115
148384
151356

516420
226424

612951
646879



855003


689746
62097
843909
785477
911208
530230
585344
417249
928463
548690

237896
857205
397434
927827
876657
973355
560179
446301
193496
856417
379854
152333
445717

845126

564332
287354
361897

514826
51055
291681

761840
604469
474739
373858
402904
117412
804947
696098

27232
271140
62190
36917
226895
925968


425222
805940
135914
285759
148769
586801
965824

812908
700856

770769
328820
814929

808420
62356
624819


827918

2833

301124
132154
594089

564675
550528
655251
947082

444011
840823
611187
767576
90737
588949

643912
869782
213752
951649
347673

844175
331676


960407

647494
124141
369250

341856
308688
746666


31546

70890
469222
879297

57703
142901
937660

364838
592489
858750


6349

25292
671359

398577

829790

910903
391155

631057
299329
51212
61879
782077
924319
851986
808359

190637
742994
936337
975485
191623
137398
730029
311598

397813
933479
473330
971024
564251
275034
494893
643127
981340
577056
978716

611489
36137


333650
721426
198246
2700
260582
820010
708479

287832

753873

105667
905309
852203
818007
542015

84692


19865
403397
38769
962285
478112

486341
665226
221142
414620

254633
571638
66070
453188
703825
207831
880460
249256

704765
930069
206135
953365
776454
362837
258899
286022

564847
941027
220468
18421


353975
562214
985316
843250

52168
507809
510961
273421
845047

477232
238753
581570
720373
973062
371880

596305
742878
790503

735684
81732
27059
70428
538734
33916


460851
71544
695388
441376

645125
508556
252355

495667
444655
270495
194484
97983


457734
810389

487748
92490
902152
830179

525238

222730

775687
764076

804500

31715
209582
827488
973979
782420
313264
573200
260556

593725


525802

139746
600522
639254
590842

793142
535524
246291
418935
909345
172671
686307


204621
447833


289784
251175
811133
44704
723403
824125

74917




847218
331592

73618
122308
75717

321576
88675
602062
790693

897379
592992
652788
598177

702715

891035
504102
926884
7688
453317
838176
856674


328658
903034
783588
319428

661570

593295
525445


614099
824579
721054
806843
909018
645966
321065
913341

275017





467849
990818



829665
259158


345094
888914
908421

272587
16914
196413

496073
254605

983990
357154

230850
430149
270405
265421
34850
383756
636461

509800
122698
527214
599371
865345
597193
375321

410944

367900
252421
747866
984552



823907
408913

568910
23819
448008
171923
637254
355447

881746

444267
133463
942766
567574

427081


828858
750483
401072
972593
172937
225860
553350
661227
151513

200830
353231
649947
240091
121152
436023
142466
513829
717713
992000
464580
478071

899779
226869
994088

116165
586535
678400

921060

739920



6205
737302
313808
40903

108859
872680
252929
848745

324028


658854


637345

353639
565873

676061
714901
438038

300549
933919
450046
352879
327599
446669

890550
339398
108835
994718
933617
