712478

886353
662450

199085
695580
222059
766960


52125
343283
87033





474095
861246
198676
350916

910186
8084
572317
285309
893233
66948
522010
239978
93322
321869
682352
764338
241670
644824
108901

380752
217844
92973
582565


645296
910441
502436
244523
41399
214677
8342
916298
721580
678751
720381
292620
405051
613580
800655
584688
631492
98305



203868
24374
72799
846722
8100
155736
413776

797315
439957

785607
867686
778104
250646
785783
762084
581422
64129
472809

71606
620376
810048



997424

77870
776834

505267

205482

83861
600015

933401
464089
436264

59489
484123
209254
77973

9697
647296
32561
298226


125824
212666



309595


673680
214649

695795


817049
859323


33020
895273
82432
576708
5359
739448
554483
813122

574907
33340
153949
834498


629726

989141
951984
765037
565391

548798
552148
260984
233656
242904
227807
28886
430043
338297
964978
563090

317514


772518


276271

551491

734967
132526
641038
826306
557375
786643
57034
268203
639575
278582
43067
66685

675280
862601
288032
972946
54564
178983


309202
949987
187915
670032

889415
312919

615409
328629


556515
422270
469225

208944
234895
849218
380935

312512
750436

499084
757970
119017
801245
647285
724839
510282
784933
228234
558877
271912

558343
182417
304838


622288
354250

729383
604374
418827
575479
410984

232905
193290
949900
948240

258269
49216
273933

619962

135316
711280
332619




724319
617060
569004
580719
965364
331007

289694

60960
149282



252274

424421
294075
984094

138651
178807
390239
327247
97053
781799
84805
983182
901152
190213

384184
56639
826873


567541
664357
339341
515680

44072
131203

199146
746318
140440

409217
657686
342664
676399
321584
600269
943578
864858
260727

44350
598065
505266

218544
260585
386147
247759
388748
729616
477598
123217






935613
204251
875858

119004
905634
777542
587388
553405

854609

698907


862811
993436
567928

652374


251706
521558
687081
269379
776583
536379
774210
883403
321326
108369

862787
706668
704809
264866

456049
926007

179248
709187

847657
787965
686038

933245
645888
729261

275692
599537


697579
510910
327637
782048
182898
305450
763741



923608


475790
736752
187751
561600
85143
985110
550595
745673
656094
56867
274116


626600
231720
582206

501866
637965

154954
451734
924174
843204
132318
157101
85310
305793
40089
152701
341226

836939
512858
143611
685666
679380
76036
739853
749462
859527
541548
927308
743889
366458
978063


876229
939643
636432
430330
645144

965752
506931
385377
113637
140827

829157
491910


176157


374179
486046
608691
254441

338648
796302
468908
776557

481072
995640

805565
161900
982254
490636
372681
211312
376719
918381





432488
962571
18422
130739
529499

169504
879513
478081
891336
116423
612454
400212
840148

726254

47027



370976
209209
33951

92236
904890
309792
559143
875791
934989
82631
667010
79324


163242

291649
295935
163573
49703
123890
907000
772945
54531
751507
81609
34427
392879
836378

683414

905246

286690
690518
264494

346581

190204
908737
208077
741261
39128

149089
438107
709025


393054

100708
221333
502574
91909

558492
451669
752909
509384


660654

705735
484470
533467
488154
843269
681993
35866


66711



803670
905717

671473
63145
207047
767829
942302
997116
619124
552355

371288
537581

992895


403001

431404
105512

124309
861980



309780


810328
934376
141553

763469

344217

595392
709812
806894
857345

454039


256619
932956

12424

893479


349317
409745

264223
493160
141672
374967
9616
713661
450351

349480
851617
973414
477905
819959
665685

275058
174065
400814


907083
200514

265389


131900
921060
831994
681547
526293
768480
752543

209796
461517
106422
690950
295802

522439
385380
940485

370229
671594
990162

534186
445519
576924
450513
987983
345920

887877
106848
886418

808371
941153


634527

327319
143637
160749



10761
480932
502107
319822
232208
881128
354505
335213



458518
990
94474

138093
637358
649452
650567
840891
390755

64492
121200
444206
343575
406954


460208
253997
946858
743767
118114
157684
319728

817105
235107
355358

670457


702847
523563
620564
505413
742974
866777

148980
132773
958426
132382
914814
794460

622000
230694
565864
803124

358821

808667
589359

301582
18384
36069
378231
612778


338156
354010


874586


169961
288152
901221


781646
500661
710613
159743
447385
420188

292649



651060
242686
815973
925863

994820

591
806700
977795

58545
416665
65940
12989
62923

974582
94956
982130
280137



725527
784845
877636
147738
282707
196300
613959
233117
248802
409199
134707
269520
395043
72316
973667
21466
258752
578070

991620

625441

733708

329285
890975
4749

686836
615988
763526
266419
788773
961870
785243

804631

565420
141151


466633
144627
974730
871074
525828


214175
596072
717500
381020

421939
321072
201821
750978

364929

82103

88450

125985
793916
656944

215971
620701
383964
653121
759214

640261
540807
725445
47140
758945

704183
734016
868234

898175



543418

912545
410721
122644

153253
857304
923911
941031
113876

718493
327221
916629
426393
972642
292378
824650
273367
239992
423381
668259
822890
786311
498059
523260

581488


523466
557824
547561
566961
455005

313800
336982
454286

866737
91124
763891
356245
598916
841532
799446
952678

28443
342306
272328
384039
510056
478560

496291
59084
997938
972127
60101
652488


668678

445952

739593
821637
285565
934514
991774
554296

145420
35511

499895

851316

315676
834526
598029
661113
884048
300805
155267
494334
975233
796712



161715
2895
545548
541521

450066
262090
354775


752673
49976
40196
501849
326499
302305
438561
594007

199413


512200
610857


330588
57985
996494
445933
583172
504304
2284
410844
54583
491769
853175
264
603980
737032

29450
412432
496637
388539
548085
534310

186261



616950

940418
976182


802441
529132
912945
435535



164435


316598
164296


5612
674674
961157
414396
138391
684455
458666
362735
761181
9833

902419
560143
51541


967498
533453


519238

903195


282392

788344
240283
442702



277765
84546

465289
965420
277518


283667
687988

849532
125790
109346
802990
752036
820024
308168
58696
718857
22579

295907
544714

305944





833021
851465
583807

992857

947885
621329
310066
810511

641124





841578
173731
463166
636495

434059
902263

546603


576646
969972

123147
642582
571179

669286
105712

751935
999852


905015
491557
47505
622100
968616
653769
565953
749056
724973

6329
481232
365207
116657

510500
281622


696070
977063
872295
674079
88667
386036
312821
177096


246984
834481
517878


807966
680915
439793

620483
277810

529164
278305
965156

892581


278936
2734
127383

971232

267090

269059
777091
98438
445125
605373
69800
998751

829123
712178


970031
202430

107223
849625
156477
202377

346879
683144
890166
44435
725175

542636

328108
59851

956482
871758
239598
247397
511678
59353
879967
310308
342635
860435
407085
144054
554596
735423
134954
642257
431187
220095
976013

403769
185920

376519

399570


752159

553885
518222
515593
270576
575598

65077
414090
373363





709698
163435

451657
51208
300778

310087
993233
118558


46801

441354
444658


13506
981441

933312
494356
301980
351940
26483
70282
933
985841
442990

912893
83749
10740
251295
846052
620598
347617

62878
46011

854181

715510
892372
91078
525517
205428
922171
220136
113319
685868
702152
67275
640334

871536

766937
172858
360321
320335
225214
118923
193335
534675
976205
619447
543816
242269
87513

567434

220950

188115
801882
264091
692414
671516
702347
689916
668703
862040
139665
81914
601264
983977

779640

651226
633420
664295
632374


123590
834655

283870
119291
554700
302522
207613
33385
751445
646578
917019


722832
847107
249244
593238
236741
842180


18749
261638
345648

525496
416436
697601
394126
231456
931390

427951
139150
34521
604694


722404
256704
501954
860158

562522

590503

450938
615168

882666
606704





621801
817362
148379
190042
916122
646071
772061
289407
158510
603357

518594

404932
80249
60574

626043
684119
535692
841306

357401
631187
106025
343298
827627

290249
295773

395372
403127
652602
476546
65497
71641
33932

663726
193455
46469

890379
96300
708567



779782

394959
762388
549004
923111


805664


945037
303948
269463



881364
568558


40196

421992
661922
242433

455394
540389
80585
357511
999675
700506
932488
280082
646235
849370
656681
377735
328216
105210

26679

283347
489208
648291

832472
885676
510227
768110

763088



164550
371323
178034

534770
279437
89822
27860

458985
94382
717889
670168
282085
41722
287732


367351
997827
240642

724826


168377
905625
418154
747357
50476
633241
499105
765551
272520
220286


352429
425085
363160
246717
875321


25763
87153

177754

51106
384575
268885



643376
872667
626528
334346
669467
964690
13938
374889

668394
106614
654410
391429
743384
807564
83157

209198
675221
135342
305976
460380
131958
202416


859710
856296
339781
674256
685002
637237

168917
881364
215884
968155
773276

843253
641556
554561
759888
15511
102246
622592
985180
693639
717841
65169
747985
118345

28454
760784
656773

75849
431460
213857
832360

792952
952974


383787
191528
867339
613882
613775

794406



509620

100662
535750
21438
541400
890951
479427
863068
85552
405825
918987
988954
645709
315628
550500
352761



278532
419545
191648
975251
935745
688737
769722
345850

658332

360053

797333
611582
109484
131761
36058

158126
850254

843321
874018
124588
262194


190987
429797
627216
549250
346448
794985


549392
514055
550014
105181
748019

400656
614648
241548

422456
570313
810748
394523
352116
201714

22338
569069
997935

349782
75750
276154


153834
835967

240348
717402
123621
452015
35086

383762


376360
901922
964891

430613
728006
973523
624920
301756
903810
621189
350077

235054


916180
184715
739675

496378


955391
261602
769957

378733

330197
835429

197415

103955

180561
591407
127914
373886
792365
285886
465569


102096
747581
890308

455543

184503

292310
961239
273596
273786
640139
542634

420711
501539


406002
90212
248505
762080


749679


168426
576959

580452


624397
765830


941167
313670
328386
519877
920240
122109
100144



235538
337667
750879
517954
773192
788903
184598
920202

438409
545364
84387
71306
589086

485629
345637
817109

515764

759879
263205
475289
244175
614761


194375
128988
273201
995595
183783

890642
968702
901177
844988
412045
778557
421347
284054

101460
807489
537622
385886
331100
830983

568493
828610
302169
385426
252241


571454
777199

561991
625336
185454
54438
492604
694505
562913
647110
425273
258494
73526
856052
370971
359625
996686


504231
140976


889835

378227
467339
211276
904841
536815

394780
163952
51488
601471
452782
105413
633702

409726
411752
755606
509399
694361
276117
242415
860099
807296
474236
966553
940016

886588
298962
33294
414597
274362

87266
762803


450010
659706

298144
396033
860137
434162

304365
793290
792779

513507
838137
698774
103070

584845
558909
229229
264687

940568
222064
325912
460102
33964
21516


210251
764473
167643
55161
395833
998095
250368
235877

893576
62303
855276
455456

869117
521611
593690
578591



31901
432849
288911
712347
572214
411882

835727
104688
523982

865448



703539
660274
189057

659048
123169
395415


116669
261803
804702
416772
260093

856862




409251
273603
721317
180126
719137
50287
104030
912161
614833
128192

877858


865249
337409
479078
248167

545185
606882
893378
902732
82801
670047
813125
879722
920137
717409

700529

326078
89118
166703
121796
251507
212710
293980
687545
394267
849905
756145
371092
868051




703653
609645




657200
539932
502560

409054
953387

655078
496307
522590
872008
889689
798696
355465
8419
947338
795175
261921
860105
575867

745966
892511
868810
477381
940613
622461

869273
676836
370119
1097
520983
459352
627500
760564
824935
583073
86473

610800
920343
979114
911780
975248



81444
986203
185176


147883
980980

421859
183088
339070
603095
607190

761551

367771
209058
652938
400367

690706
148965
278149
267580
524774

642591


988834
985023

238544

635588
835342

818948


735397

380117
831916

548786

778355
844938
325725
642778
652362

806738
487567

503045
17439
416027
425311
784752
537107
666732
950720

79433
997712
625574
643279
8058
753617

731974
684459




763265


910952
163823


99416

626434
399387
302189
536291

575596
308635
265032


953300
485003
822561
17973
943378

756973

631953
496915

416135
937945
691418

152276
185436
16411
669642

674484
774740

930185
991252

484903
747025
851000
84476
250577
852050
51979
242526

744150
768427

697546
608264

629898



440918
515508

248387
349368
646230
785894



199352
577419

152006

596687
338406

209155

166504
779911

464989
401032

569776
334023
665628
685482
543385
587173
953454
97761
411034

247303
231228
44020
2332

578060
561327
487935
738260
27092



325924
908075
288722
56282
777166
600664
682829
97006
409907
603308



697325
459094

972666
585497
74336

830504
988212
176871
36922
925060
89127
313685
160470

470642
279844

457911
984245
862961
998975




425737
707314
224704
132748
715909

954347

248627
603336

852679
471594
193355
862604
445618


344389
721008
585194
592211

637092
999591


841905
510247
353713
98199
108830
158350
709983
10889


786524
580985
247736
136049


734322
189139
527402
821427
163934
876229
108332
734447
604779
521512
496138

701160
779555
193973
773229

139020

451618

527756
969258
391210

873909


370246



482867

44642
194427
801857
819178

825718
615062

181650
138583

109929
379680
918075
784261

676610
569109
747835




496015
283484
250073

263681

876158
570632
309994
570498

652983


64688
748898


134266
897673
999569
444790
157737
805468

717748
214192
622066
14020
241548
741180
117851
271949
30435
343545
379363
163319
162087

365597
14385
111530
234097
473899
165734
949486
49942
674130
255375
70499
288550
97916
956787
552357
229891
201816


293542
933012
465288
338567
767720

189371

866380


714874
790676

709466
474740
939750
482490
881528



603417
120146
470135
620410

148615
554109

839658
892939
501118

436893

393188
999938
129614
58382
83698
77192
165068

663334
296374
905616
58320
618936



79548

707043

251870
629223



817247
173354
54390
110127
405312





934660
35759
111393
633336
19522


592762
411362
454475
705621
492348
52894
818832
987877
63544
724778
240629

494352
683825
681628

381427

321613




682032
602039
863904
628462

978335
858734
349260

275731
286523

66034
266747

793333

706347
336095

504421
581491

813954

483872
902271
181316
208906

585263
617502
378603
846924
203098
488605
73037

750160
340323

224460
90486
803289
999100
521129



422061

285349

501328
495383
91508

787331
920120
860963
333070
666887

402075



758182

520364
244097
131832
213478
978144
578467


769820
333279
396002

217344

722204
228259
544000


562309
893207

761250
700419
140932
991174

111185
574024
912735

466523


248680
402076
764782

467446
248577
380545


368147
500261
685158
454365
460061
194113
491426
837096
214967
548285
391750
751785
603121
864188
721154
243681
376720


975178
227295
727010
802816
105317
712408
364539
232790
29531
601463
704243
622394
358557
652755
854490

684550


682591
688285
645047
373519
812692
92223
585785
964878
446307



460193

669378




260895

801230
817255
24964

118222

596562
98976

368465
774011

530834

283533
56806
669831


107471
10650

149536
251871
112368
653053
942028
946204
680575

976564
293900
578804

987707
315702

126622
750677


207163
876424
522258
763800
864883
776587

878441


613925
282265
178021
565772
72457

211092


11793

67693
405689

278557
595676
865006

770118
189853
431887


25991
778424
914684

918879
453551
990198
275572
544843
182781
158009
360359

628211

535854
251314
710800

941592
973404
519182
622910



49922
249240


363403
513666

839048
552345
965515
311939

338874
855246
363788
32642
404290
288395
803540

913506
924259
688487
230273
831656
326658
958244
349801
534167
651218
544820
770249
343076
155064
108830
270351
547656


395496
890732
718602
823817
487837
159805

623225
607292

561754
394500
851119
755977
120012
781154
543985


390420
626180
910395
873539
637079
138581

756412
65313


537728

539542

463843
194645

527242
654572
563417
758169
72307
521203
159690

824022
628684
96898




724776

47399
341893
628109
484778

813540
510524


598926
628239
779117
377032
821873

618501
36952
181977
924454

477592

424723
848902
177542
708357
708823

442158
937047
147517
417370
156170

690910



396171
303208
352418
981972
862850
261123


552896
132844
874459
508348
270199

366126

869853


45624

145554


205366

935040
382955

771153

468597
132053
384367
248739


462397
200426
811378
797213


278704
697200

304298
351971
173522

605013
231592

44185

118387
34447
985955


841052


813662
776439
526280


432443

80723

259596
103854
421595
432294
607390
196358
337493
479070
343665
750160
519998
17333
988787
56195
63526
754937
869321
590849

134987

91338

911104
167296

496290
472304


407200
977768
101423

359515
286088
275343
37933


610038
408782
104902
128734
90685
956221

341042
468339

780793
327791



718166

503082
20067
211922
33744

544298

285081
501771
480239
480830
795085
585918
515968
966217
179580

478879
986268
156360

609027


782952

298692
527469
412216
763182
630393
293476
877796

800070

785246
708686
63506
590180

824661


989409

319801
328020

309008
682850
309162
442201
974351
481190
152067
850413
544947
324038
852820
583842
817071
911889
721706
37234
67244

433740
250150




748031
877935

300218
561637
817353

32970
725228
753312
798936

562077
280013

358907
137300

173
974347

81941
104840
674244

724253
384475

998465
95220

719394


303463
177916

535163
318217
979742

610504


595747
634543
811246
998258
910282

258684
237261
49860
745855

97572
26542

768749
881569
642601
292520
996353
112073


249533
914992
926146
189453

634671


700519
460276
664377
440049
348136
529863

160304
782668
37898
646036

876272
798579
331954

551419

566596
560518

685369


25654
655699
289880
715874
313832
695416
372324

493596
930796
258707
981831

503085
872307
673027

77027
424885

109540
975423

560444
528346
929010

252409
258219




9136
327868
80337


19586

838194
829783
495491
688426
625682


834794

887789
490452
687854
854721
955859
960137

158058
252082

544587
930446

314125
552181
170284
748304
846384



187366
434927


394090
404746

150065

253657


958036

209485
238282

241812
196308
492310
863414

445170


122570
727688
921641


420792
840304
173264

283585
478452


170796
223992
574116


262715

87319

25015

923822
699035
961404
922588

539052
317021
478124
976083
569993

12144
938598
91964
851297
746877
817252
788626
65887



362064

660632
417089

553116
833194


164983
119971
696781
598172
375247

564514


902074
963987
70258
808688
364100
492815
438749
195993
660207
173334

717362
898400
351322
155523
772972

94668
701953
707759
190059

760312
787577
295276
602921

645884
772304


210667


575054


717900
90178
429459

682237
270330

644388

140895

541186
461807
815146
840578
913048
186615
268084
582652
298803
683819



36251
220189
166935
905811
433426
539906
98244
960337

785371



518440
30351
803335
782644
895628
99479


924495
441390
618510

805273



978408

572876

208890


584316
367507
709984
846783
969891
577695
285110
314381
843769
259631
929455
930971
405127
541847
585287
420803
631022

647514
42352

966145
101162
382640

920866
615236
642643

616298
907291
325253
597549

901934
492989

413941



284177
121924
326729
205950


627546
57805
71357
871311
484473

536055
700437
342131
46405
703493
610200
154958

544873
566409
841542
902064

50082
491254
934219
854957
211619

552688
28030
182167
268505
155843
527987
268380
418769
670040
782651

166379
447241
851048
621236
230353

709257
754373
143882
931224

796879
742357
733039


393894
368308

637001
671899
920584
35322
254506

977181
30263
595874
649415
207535
982391
769874
680597
697984

960039

550928

999833
233890
117038
393446

422904
453287
119637
687214

86603
706419

49425
193945
395124
160097
893405
448249
987458
525236
89120
110936
911391
367863
943659

175718

259262
408588
766962
817709

953101
292292

346973
674625
919711

661450
251067
862143
47852

142777
137847
672684
127396

442595

131662
445975
909802

810118
610309
194018
763340

672966

52725



992717
906277





215910
427474

32554

31935
670243
462527
569137

940554
456332


42296
478935
394103
438191


972685
844942

917904
975399
904534
248166
165231
29871
955210

539249
552253
548932
204798

540190
824251
81752
738397
414149

207909

862019
684152
940270
280556
314973
767658

579027
222841
90268


917451
124148
395727
571234

894966
374177
530419
287395
114139
420224
408789

840461
125773
102457



466436
804599
310252
447269
904788

464255
438601
582311
824409

548282
709140
599949
129649
887942
74068
338261

609910
748760
810531
939899
643670
86598
211611
707801


162360


551599

789014
129420

64957


622803


753188
276867

629778
283618
404705
935904

44561
693976
640212


518055


671829
170461
163642
998349
585226

29031
607689
433338
729228
61603
522800
446780
611984

46966
759200
977203
514041
922680
795868


898079
466018
52136

595088
325703
221028
744748
720955
2995
313348
766903
566899
498910
47956
163536


126802
516035
888006
401075
504186
666874


554216
391750
48711
811310
809247
824450
769438
630720
423871

94990
964448
261931
815735
351622

447297
854514
993832

235563
62844
497463
914645
13426
260809
495240

594624
51401


70801

116347
388841
279108
181706

941578
756488


400721
51060

743566
438592
102472
103517

730384


789009
647810

4968
5834
69277
387797
909558

861092
547354
232597
829023

185117
974791

400720

582653
391867
229768
519346

809342
281583

598134

183579
148180
442374


146812
862746
133886
72137
344877
604951
14374
564513

620867
14899
17745
766592
301197
661061

554459
768615

901028
220046
40341
348604
704169
71126
333448

482131


359345
798941
97377

590355
473730
304051
189714

640464
520197
105123


315290
657683
513778
841815
732936


595638
38242
438129
238429
946781
126252
806933
862817
462097
182281
619713
18313
682112
525085
152059


921440
5026

843013
865165
283350


446006
457645
756018
925391
593908

788906
406101
621842
572050
634814
729010
443440
693221
536770
431389
354848
471053
944567
534340

292033





850491
37167
217689
579243



315109
642868
465266
758052
128860
72663
480450
76410


537191
182400


646632


579430



479184
721711
320056
666859
360583


417333

857907
43197
955711
625302
448504
313433
819252
412229
943334
152052
445227

251135

626823
231611
28386
323632

313979
315968

249064
667980

806186


502405
266276
15145
756937
620723
520849

920963




183839
244112
166357
437671
550982
957260
490703
368389
85158

596367
305222
678277
403220
256989

281234
153561

266845
485129
824096
214042
670776
448378




983524
643444



564169


376642
631409
792889
548055
615853
654623
686252
288845
725175
778948
882800

514827
835401
717205

867028
647100

411103
498468



276624
332449
819519

638491

32929
839042

861099
418802


348291


685005
242098
356778
91245
710161

841980
548248
627337
749980
611079
739829
928321
289133






242196
76978
132234
330157
992411

433710
232590
164396
129503

152734


87972
280463
330134
735868

407358

617613
90284

378247
636372

735252
408502
842967
834281
132403
288386
252621
697363

501432
210362
607042

985224
80214
225425
689313
388322


892565

228005
167855

352606
362523
960313
622849
976659



147023
850644
921203




155826
720658
890038
608185
340270
949222

799416
658324
412741

819713


145157

684897
787809
856272

576311
819199
716176

450292
42490
626532
408165

932146

557037
227644
8771
324380
26072


648349

596531
949722
1522
13361
487094
7424
417254

261385
816547
642890
881000




435427
540182
185681
904512

40016
53199
292650

482563


756702
937446
995554
459922
673285
287690

885103
701701


53548
802023
533013

933923

500336
988970
744107

998721


380541


156132

461522

942894




926116
318590
680757

155947
102276
223943
157728



689490



839177

482517

360915
336887
98050
970847
62010

902585
852942
961387
232170
223118
862959

617010
848234
264756
143823
200142
557282
810451


606918
657028
926590
961247
420067
430903
702999

469908

93848
238721
580305
763294
414183


101461
532024
878835
700289
888798
949682
554711


847287
608519

457585
32022

791587

568915
258336
305641

439150
936702

655867
755622

692820
39457
768653
728484
721795

937008
962048
791301
539955
823250
467149

466584
64750
768842
544066
118832
436348

34784
498016
639391
901034
812283

495183
454764
45424



585006
414003
832159
823565
269906
923367
538485
311446
642262
701733
257016
258082

831375


25176
105038
552874
657570
336525
315930
757287
727552
157462
720707
237046
967286
774257
45564
64530
244267
219601
377804

130989
115827

719447
944218

847275
626579
669778
757877
144872
946990
446054
485599
196133
803159
484202
586277
174678
664551
947140
864313

826355

461229
889644


623334
138627

34729
356854
155384

183950
289086
430478
429263
748043


336988
948784
339219
367194
959925
8231
408188


653155
959843
412640





261349
425586
849499
860886
771331
212619
516439


947480
775481
225643
678435
108523
749769

267336
965716
15239
929764

154042
128153
388407
387172
293108
685863
904323
805941
917154
732569
908356
424516

145712
432809

692125
236700
240087
438730
559019

998860

811922
376355
574379
342439
414842
387525
72936

984020
941386
9357
353698
984755

407835

247955
160598

724032

282289

789981
437295
551463
63374
411250


644405
62331

901388


790239
242113
375673
449126

511664
616300
859556
587715
179724

306073
472
700216

935141

110978
804754

299631
736599

132605
563735

578097
187805
37722
671855
311983
265680


757067
887258
745904
511685

466153
388566
632824

12642
727434

534284

978344
924892
425418
332248
166268
813087


871468




692600
222512

416847
848743
559047
187780

90088
595126
184426
119487
174205
242096

472703
945876
133582

391937

438256
730987
286330
776329
481447
469408
290563


966888
169048

890205

161395

932793

552383
191332
829495
494239
185353
818816
514063

125013
378479
38956
530666
267042
927505
745620

151875

55410
587600

277489
185240
116586
379453
471738

297363

365232
336709

626156
606740
817793
595422
462345
640100

976948
398236
23666

985195
661472

434905
653678
189875
315366
388171
571061



399787
935837
753362
490848
561742
751620
637636


870216

42866
648842

812276
329919
114267
119527
956195

478285

2956
517040
611670
417019
125466
254672


881410
631664
730116
980311

178745
397991
422304
591311
455275
213129
559206
954856
331593
854120
347538

766700

408550

276577
87051

604796
959451
997029
341350
644321

340114

664867
180424

928594

389552
60982
373444
448009

752217

535042
506585


386859

836087

120669
790138
426431
807938
668907
503803
418568
236187
497701
729914


143811
757679
819664
359141
902054



977794

501994
644496

209813
348103
598801

315747
19086
912986
790071
581416
75781
335670



22960


76831

612381
191709
155125

922820
841541
530056
633192
69417
749364


997343

747227

943390
96137

780434
564047
409468
250487
273758
110851
864800

525042

648223
91980

355782
645152
337647
187446
758825
196616
385854
923026
684534
466330

456553
347849
199944
754660


948209
964199
609093
380109



18623
233722
128017

607032
385346

964620

866108

244428
280392
968834
458074
7082

711130
723710
207828
86802
358915
850562
82784




347609
426511
321683

438003


499630


819805
33533
58547
386005

158539
952352

668362

783226

521638
348919


835808
941654
106847
931114

838244

77458


987118
123640
397196

554402
708921
541909
434669
117941
831447



504531

525392
896834
917090
416813
467222
291330
570539
752973

672686
99437
501968
906096
446802



255451

196093
897855
548901
706831

99737

751850
593857
597859
825240
266127
43782
597289

790669

558313

455722
523720
623643
13143


663679
624298




757821
498522

575240

163275


288195

105575
991432
142815
446393
562242

146451
94228
437771
280143



749583
541144


389525
128006
961877
588658
114307
632086
979684

253356
490093
718958
876556
219067
530671

980621

523000
154598
977886
993362


673944
923811

943139


968242
918624

257863

977329
676962



102262
911157
253489
626825
92104


795397
42208
900535
402649
792201
870591
368950
571740



430257

348438
844476


567453
343318
313392
441433


332212
221467

292156
758550
206844
813433
611751



243206
680525
213292
955247
768321
320570


810252
500139








718018
397757
355737
124457

964056
527942
914962

76199
995866
492551
434415

23288
202223

237515
896360
459524
538798
174907
285717
434880
329364

583584
6802

53413
502980

991440




624863
456879

47932
283895
114356
836139
105156
815674
265629
378586
662881

789460
52279
805138

571640
550047
196499
666705

665432
140394



856521
94128
166804
716886
881245
315256
285896

615237

181064
842184

46669

756503
306914
78138
959843
351386
773461
250699
578377
528861
413290
96974
552582
884757
726201
103482

471242
253563
402466




60252


288653


163483

259806
358311
930299

374793
801873
626389
831213
880077

706978

100234
961979
290250
239211
415172
363114

148136

862238
72265
45066
725579
433211

60673
220744
973512

586564
942345
22024
326617
394478
944468
96527
191476
397835
262207




423291

513196


969530

612697

833694

453269
929787
739609

951207
853679
61599
305940


328355
181770

773071
716206

968407
847778
24092
151908

130979


375457
75153


921454

603255
780442



265446
526478




356616


759289
808096
551709

266745
135178
347633
363466
909409


687563
569635
683051
450576
718218
405542
411047
716294
980845
834225
409689

867937

587716
260714

975506
29818
443766
63904
727763


248280
703783

15923
966013
586951


360456
656810
504777
441098
870756
293020
86931

289156

370416
64824
765884

927147
680544
12317

308026
566623


273127
879322
156618
385559
822875

612833
809559

823649

733419
385212
657074

593420
445509
938824
384523
193415

713768

626107
63623

960641
772989
201981
643394

771794
16637

665858
577981
340738
673177
561574
453696

933907

729414
136315
944729
369678

932948


768467
818192

922140
206658
874754
2972


131345

8642
153956


360251

500627
948099

71015

526684

279016
260760
265661
321679
386284

699326
598780
116601
954658
989509
870135
654634
86246
780608


861636

900540
596550
683257

314740

665361


692271







935161
591628

321064
467901
186846
234315
862540
774696
830100
282883
270833
948704
553791
449791
7309
854309



265483
848801
31077
404415
164824


58222

932460


409170

484167
74198
590212

48170
872500
256340
814076
601180
847006

661026
32316
675197
473406
213048



743497
426228
92680
390943
696206
544404
593069

73853
828772

843115
410274
363277
551639

794655


706613
410705


388303

793096
837617
423403


380107
393950

544299
8335
279800

132032

147793
128579



477583

806404
77963
807384
914009
534450
317060
754274

556475
762021

148265



273934

583060

593419
354718
795779
497082
199225
628812




165892
906790


721849

573197
458570
203237
261270
438463
426630
921138
536526

315604

366425
886916
388450
471826
798277

283951
389058
979723
675729


310906
957486
492421
35675
473954
145886
971743

662459
874311

84117
844828
347816

258242
45811
11584

687116
7618


905940

73933
873912
707305

425737
742560

11042
718655
517565

625192
514095
419330

925305
555018
20450
972934
237199
175132
16116
403347


667096




281501



571680
400599
623875
440707
496038


603163
963668
608450

10517
677669
912728
118737
354272

267514
981492
767792
306742
279185
288369
313604


932258
539273
662566
202977
646493


52054
62632
172198


479038
449396


526454

237054


502991

967151

176986
270403
456018
605189
413769
680641
823384
26985
672507
323733
366245
941147
194190



913608
922046
885294
491665



372129
446907

277568


189284
257439
814982
651947
331342


343417

444732

444557


922178
100240
457091


43568

281903
110809
754431
753927
839016
339967

690736

256685
544478

643652
392712

234776

725170


235093

411940
142420
939765
102793
924387
481112
165254
940772
390683

789812
30691

193428
323910

504535



355480
104272

370441



153497
245050
802383
175931

951271
74225
125064


74127

486579
596043
176899

818076

883468
980948
555453
404011
222545
62625

281389
427893

920847
933707
191688

192863
887047


175307

933422
456045
918587

694604
731275
994301
871317

976868


623271
633701

639278
202137
711146
838766
849621
506945
294141
100648
994387
595713
472354
13004
845466
50232
687227
548626
453772

570849
284272
850847
228253

134422
419922
636871
974944
552859
346513

174049

592230
982731
73561
295858
340458
106858



536628
502247


707119
888412
375192
310342
535067

650963
655776

102765

323488
379750
428464
82460
635058
50344
556038
393202
517316
101262
448535
835155
487115

843665

719516
28521



36610


720497
242210
71250



813503
394922

280093
240937
913263

813595
770585
536341

605578
456367
885572

352636
683569
460809

725748
702142

738722

71296
4777
563809
454538
827869
821185

988201
645377

402805
961634
342642

673359
492019

833573
984846

785865

868188


579489
408774
497629


516137



495430
923437
210123

295886
189161






70104
848084
131288
183864
94792


84487
848876
224650
315099
503269
403562
950508
773824
473578
723365
570301
241686
692340
64422
222555

968059
21799

329105
434369

40
737022
375728
959248
647881

554954



558521
949064
923205
662051
223778
990230
942018
927704
101542
557829

962900

144650
995380
302974

22982

916928
178327

349432

49230
886548

944192



589814
94206
469325

917369
567405

108152

771409

408583

891148
185280
691463
865337

326553
458263
909631
524899


486835
799573
847040
776936

294110



656438
237685
315342


182461
302085
185301
592533
508587
853730
135090
889677
580298

639290

953081


385315
336549
672675
418875

87929

865747
70583
442644

577934
160711
273032

925754


479973
226762
309426
907684
277383
42986
101145
623185
954699
316219

765599
221417

78571


242514


752584
380439
87383
398843

758637

41364
756390

738490



153847
551150
95465
227444

779642
426958

612469
769944


127284
18159
689427
134205
53941
506663
190863
990930
951024
660809
34675
658691

602395

696032

503167
699651
843602
745445


575463
156620
750943
404759
733275
293622
676613

543177
172014
315826
1413
667794
864775

891736

979688
756193

158860
951555
162803
224073
571476


451884
298529
157357
53259
204825
980659
580686
860098

910598
535744
355962
838847
498611
81989
543128
592

540239


190077

616728




824766
641838

271779
430947
944958
922814
435281
681545

75677
838023
993531
304553
933638

394239

720642

618226
655691
698339
518552

955195
534399


119095


733630
384422

218440
797980
742622
928635
332612

94721
136698
775945
19986
77784
15804
14248

53124
672722
641069
72497

986628
848547



72636


983013
899739
835856
644463
810798

291535
770848
450364
200676
147520



231135
908133
234728
417133
817197
218698

339129
128532
361778
546053


848672
931977




966914

458640
550893
228458

908876
10040
324782
835774

198298
963763
841238
379642
469057
180587

130324
125753



893913
822085
15254
747640
667522
110328
239343
803193
631956
647244
826222
943733
205372
216619

787649
397461
496541
634992

136228
152555
386031


354567

685911
33780


819117
435258
972325
723737
389822
176912
950863
226689
612568
990243

705471
123606
719418
611618
307461

858323
795695


30622
947670

545928
967697
539311


299896
580041

896009
421478
650227


915136
741980
623902
281920
694605

476775
991833
366999
562739
480095
981769
318197
226180
827321
676174




217525
186012
407068
892441
422222
169341
808326
974048
109601
152252
834825




83913

277061
501230
970988

392326
232097
572952


489443
246404


584559

775936
903608
160580
357825
81221

512957
772786
118238

292625


269510



844166
999787

213697
491254
284329
752362

77813

798990
716649

26283
21156
121278

761094
333004
107859
912456
396662
331327
418342
618827
922505


360803
419003

658845
527473
661719

767016
846891
498909

609094
638902



972473
761575

153718
71523

342333
372477

602441
490302


68835

49064

388063
792571
911320
43324
14256
630172
258911

537287
341205

715748

645682
980796

252247
195748
737906

705100
226535
371446
496843
929631
972051
241593
104793
10645
707312

835873
908345
893384
178052
497261

913748
41402
510919


920845
612529

204824
366953
387271
108667
725804
845219

585151
530567

749461

463651
381754

361239
821206



404398
477285

778145
966930

893677
348888


542441
102465

120464
82429
924039
137790

282878
541163
489103
605332
661498

384986
685183
289428
600444
61372
387296

162713
365430
290390
194521
544730
710443
582804
755430

973865
589879

709381
861290
817491
465942
449485
212177
415032

920192
690731

278942
636672
563373
657683

9765
205560
277472

291563
984962
410226

372401

897143
878779
316349
875329
874838

91556
253349
411313

487061
866951
66056
415126
628703
714675


806043


903699
507805
224840
550390
996133

551739
722405
719124
479250
398091

638703
154964
902587
138903

529166
896591
450900
988549
297615
653764


569647
839552


692898



450341
73734
711825
771219
419809
262654
718660
75110


341265
544047


574002
76684
984564
822618
963220
44898
217143
944502

184412
912308
488034
34694


371194

289290
544617

505558
216062
789433

143216
579975
739326
658355


610642


322918
816681
532965
212930

293304

64065
962753
667337
788804
75170
499694

325565
805780
882801
872239

928855

471097

689880
893942

545088

686530
810588
461721
6648
191884
34570
354291
716224
837956
763317

885078

777159
714288
871589
201359
231086

611663
678516

834964
877371
474481


928940




846633
439057
576686
608413
647273
265012
761371
391040
979890
12289
646404
453200
705374
444509
380980

226548

639668

309037
803854
871075


168599
136513

996670
276162

315030
962420
118313
630245


684380

833404
864024
674542
521101

563592
661430
543573
643543
30377
620799

132931
597759


930402
988536
487684
830928
424073
565777
38020

136438
31163

484909

216733

295421
832923
429754
888279
174207
562392
763695
789633

277691
418888
587276
331184
20765
44553
801746
78010
46012
684684
545874
265689
184254

852318
295960

502168

103491
464951



734719
430071
563018
42293
297009
267853
465630
450396
413854
532824

966286
427806

321685
274579

132854
786643




542362
84294

682071
438453
256155
598000
370895
164045
712958
818303

125928

960551
24706
701050


30340
80187
953420
75404
544145

30989




710336
915794

8468


621705
980592

727060

592444
657926


192700

783282
416756

356225
631793
113476
29052
953994
825719
459052
261803

932995

896866
253396

772675
542590



414913

561379
528331
845348



40472
532759
480744
136896


831743

449248
437485
793596
63094
382414


531555
352311


751265


656894

815319
242837
86470
249186
81652
537346



472301
965000
52727

83904

625793



87058

995449
342149
63585

181925

456489



635722
462244
505734
918627
561521



687271
244381

436895

292125

348352

267885
877922
165196
522420


664993
877092
282254
31511
276714
62439
860088
968316


611499
857453
151784
898053
909140
164818
635845
534395
395094
630027
343675


563124
537411
61479





142907

844119

350302
941928
1188
845953

160102



463465
211194

934086
395050
981377

422802
330285
338028
463192
5966
313853
832636
596536


103724


538991
892977
699576
25418

432593
897695
123148

82294
442049


369285

624582

992856
499553
813049

579569
475672




310710
227975
372154
893625
755894
598501

865710
741638
647648
920784
751232
605096
738479


773061
951224
35059
89896
395595
381691
32167
323667
388868
847761
355755
286645
288893
897476

152649
75638
570324
871356
273413
381427
54352


940824


27818
875299


476614
173114
878927


879692
4268
460308
51739

145875
506656
891152
514302
644795

238760
298157

640020
93375
399776
818113

548119
818409
23340
680399

211603
76100
292662
655505


372683

963549
647158
570815
922442

3058

834938


235293

359979

592053
763844
322785


194857
437649
927707
784324
444202
378815




30130
562577


52098
834326
487892
846469


6068
139118
252559

225752
106206

864829
756126

767426

614282
442910
907822
253749
476674
353003
177824

757332
707843
476233
753176


958749

756367
833804
245885
918483
862457
853270
477934
170234
745348

889877
447008


968190

728650
238626
7411
737686
474880
605518



272154
728878


919199
596289

474258
475063

372089
980393
706968
53797
546740
973359
962959
165900
736373

373331
734750
385257
304489
666189


922008
98611
979852
977570


426524

429486
377170
374323
279894


456503
633822
293669
934204
898196
468286

264882



4821
227699
153620
53333
909188
360725

279097
244783
178744
955632
84231
490585
173169

858604
572486
426400


832632
163322
492928

301259

34479

554876
842
663799

65746

674105
359720
959864
327630
597524
585365


141803

240563
729097

813101



726417
345150

879491
415104
246312

970199
183295


620847
114268
488667


608361
653923
259273
160960
416886
368231
235833
685625
656918

377066
785998
23637
128373






904780
617541
401762
965419



368781


991218
449097
976812
712787
45734
506403

477446

776943
750933

158436
116107
904366
823619

238880
192740

666273
737522

962983
171290
322157
158640
452792
277580
999274

455870
930487


449087
88403

108749
888807


65400

210654
518698
688918
641541
272615
846721
599607

52216
275163
611474
930241
619693
844794
98153
853970
693644
178552
874578
44191

887027
464225

858009


908879
812954
114298
406813


88698

670641

827530
449144


987665
818843



378831

852952
563813


518276
869805
115654
965007

521806

369083

563652


389355
566167
38262
990072
167433

749888
225273
211520

922371
484482

330106

851498

192056
686479
166864
752979
497192
926588
192729
711592
196178
499480

531370
679487
796420
452080




46633
966559
705655
527628

571796

465364

513266
289441
901046

533064


352713

857315
306874

572734



871105
870756

325665
659528
468644

158620
111782


932762
470214
170713
539878
350822
255984
859459
299484
482286
508053

873010
2720

393049
124308

935718
856404
954651

384644
734091
119401
94832
267158

543497
582396
795128
195859
411311
551529
45483
948406
981725
138813
7619
572962

726465
747461
928257
310679

505735
703750
887655
219329
871567
771738
209612


660814
557111

147159
97921

363519
562855
581745
84257
640298

50198
838366
707289

483455
943509

622140
194015
735157
659880


112743

20507
3043
756
668151
209666
965563
711638
108102


796287


261005

769517
626778
145973
331720
381290

454788


196138
621243
519885
373446
439002
115137
751841
238870


811413
125058
725170
568050
391822
333603

486435
853314

941334
783623

943202
655888
868190
542323


133162
797263

786398


831718
351174
645212
842698
2678
634780
251763
452688
283802
186701

473775
946815


119500


979383

554229
865497
322473
798626
392444


633477
170344
645159
892200
953363
148802
391952

385238
446955
819167
213763
869256

290027

709231
530238
751815
556955
714708

444636

49049
211327
697694
913250
442368
308291
118291

951036
606997
697025
33120

439355

373792
505829


629278
519630
998309
469848
661029
708660
539458
664520

73122

458405
707080



242979
720520
115629
314190
505662

124520
594266


436579
580137
627510
948902


793068
817933
721089
301072

919608

681771



773045
442058


926083


668538

30064
82562
800189
856348
901176
271978
560228
414746
516895
838792
412286
169387

482182
920963
147407

276858



460601
937084
3031

572856

658900
255616


452647
426270
375614

685645
570582
828936

422914
549212

75070
137552
896905
390025
622155


534993

509436
842183
461126
57769
353824
329217
687302
846863


438090
633702
351491
261930
136023

95390
925811
929989
999450


19773
409468
469076
494486
275491

239693

333473

150202
18328
313704
261589
959115
638505

506368
884574
25472
98677



720176
493874

651692
132010
110957

972591
621004

868964
514147
519867

166015


421755
412591
334173
836879
778221
198721

931489
235181
666583
985002

633972

141988

835181
694480
320454
591530

484974

742032
425673
229433
352908

615495
514541
395791
308094

239092

581649

73232
160459
99970
163366
888761
980266
338844
230891
362547
333171

767274
843894
131592
205442
132983


231420
624387
541226


659578
304224
39806
89333

32541
896
451088
475855
536600
784064
620574

126696
800398
516825
265752
725179
867655
524464
710078
439039
659004
951546

797109

621421
525531
667872
839805

515539
700850
447804
22678

629504
301933
762850
128090
661755

665006
403415
636117


741215
118438
926152
196098
982478

63756
256445

510268
995255
841076
252426
925857
404817

813454
425512
845377
404685

569451
441336

623642


964710
574428

828900
327314
927283
249700
454367
26699
970324


244035
246251
770179
441128
446475
429579
47203
242556
21383


845232
203258
316830

166427
506186
785939
117623
704871
674437
998015
156791
724277

110484
139282
48465
347508
918806
735177
864626




879746
523194
457349
424388
387344

187418

868005
446224

768337
150944
783392
656523
236323
871838
540582
849382
371550


714926



157986
121506
359969
827018
151717
800169
142871
525239


558190
388399
471932

147724
859551
328692

37344


239131
834943

673307
561195
600745
495584
797167
225288
902589
196723
797551



156866
855730
973455
375187
774332
94933
413075


836583

973407
451009
283863
494497
989326
614867

486341
436106
287495
131542
117739
687717

956297
929871
392012
770534
321871

995598



472099

862123
634067
549311
316285
56487
805610
205632
241571
352857


886658
605097
715966
587519
118421
657354

756812
233003
467350
342609
799274
920004
942207
584616
504424
670393
896976
716697

596217
7854
831913



496797
563150
984306
998643
644735
505713
356638
951178

372568
549921
587752
63802
472918
515578
247110
62238
514784
347610
990001

566163
23666

656728

822283
846280
202918


962859
259446
616894
833626
508707

837137
315822


370429

194504
964737

44658




958364
958232


228435

566414
19611
790621




250119
327232

130134
698451

433787
338664
870325

210430
615897
688378

399117
685875
612027
981002

704292

668332
361511
951515
372853

321612
293273
826432
515537

831705
882754
927923
946268

95478
450990
535006
308607
906666

731667
812387
368514

116500
809486
211713
74322
531034




837309

580157
541904

652955

63503

123638

425004
59361
671680
233344
650942
770881
361777
577771
649353
596213
300578
971424
272443
644935
373481

405273
48092
827297

198123
662515
258516
166186
701733
203925
321518
534436

621818
168121

665308


141289
956226
866251

486836

713449
504883

279151
39056

84928


251989
184624
381882
73249
145952


181615
272251
453656
7282
12615
998229

506113
781985
886114
442773
864123
995352

649033

296606
978067
775025
101216




123708
525182
572375
385455

197776
400574
617165
41633
166799



260587
924310

782001
393132
875051
607387
909377
971466
681183
878297

271643
464955
786831
269133
124330

12925
326059
384877


641643
904028
698074


343403
566725
727728

935244
375995
770152

465602


732334
901666

172683
19943
780558
121195
904354
525047
493273


631052
126699
368122
60217
84886
60715
707031
688981
751510
227300


56786


348577
958742

195357
639264
876024

366722
36004
537483

700793
996427
562330
704389
721431

209407

650011



940694
780316
400678
134029
766571
457715
197854

431016
314328
990988




353117
605178

638267

587486
628061
569916
726156
633757
693881
721148
446384
282085
328986
620733

525880
309211
954831

503197
594605
668013
628393
976664
506324
579644
4822
854535
261360
845926
808184

937274
75534
138462

760957

982112
791377
858180
342984
695567
117470
593038
365313

420954
795461





926281
845878
526100
195173




705759


608477
576617
381356
849966
877884
683037
677459

286665

684712
53820
449617
698813
823649
502080
468407
31497
889149

533009



435327



385114
952935

364789
171224
291745

265677
429484
64492
443863



818354
375040

801763
374594
988948
649806
591269

803557


590238
363726
130642
223639
70297
821543
339288
175101
538061
105265
779675
732055
588200
853577
344105
594272
655273
186940

591905

807309
249149

723034
910255

952726



846252
400784


659576
742519
258017
816702
514358
551549
469479

995985

62087
977143

519215
950994
677015
165210
354688
320794
66808
155636
736982

391259
189325
606824

267706
185626


149235
438945
522912
670658
814593
544579
464290
796183
276509
216896
762181

513471

323197
375292

418994



939524

795253


318353

691075

142447

621885

490801

649266
470174
160873
594135
110641
992599

958934


536906
264424
981984
322930
714681
807891
836038
937523
639493
179093

477039



157679

714910
381091


950443
83441
980383
336063
182314
169446
525443

615291

659020
960664
929095
593804
932611

668466
542180


272011
422621
613838


491693
141624





177774
671257
234390
938439

380563
29997
381567

203566
826776

804128

32831
253255


704554
539966

238460
181484

304771

846339
781143
336051
671431

813057

263056



402524
861925
540312
464113
645454

946021



57986
179844
379113

159148
544469
534634
281693
426639


538133
19527
986015

946406




234334
112225
554589
123173
777195

367191

855337
566616
661524

456535

321638
464976

188403
890839

225529
892414
648385
330266
335046
87604
332272
5782


201557
624898




26422
346234
362309
467428

161991
174103
88106


697713
263313
967875
756371
691224
560889
377510
112292
931771
277842
982757
76854
936939


697729

154007
444957

289807
463631



240438
740164
934946

916079
189156

203700
361511
425845
166109

606093
590205
24142
614075

750486

555162
805147

564241
600435
766725

600712

455043

133669


27308
521237
586080
428534

508606
47289
466188
954010

572843
622947
681654

217432
727305
915598
266847
35048
657673
513905
781075
686477
945410

759287

885062
390758
868719
990166
451718


801556

320392
749003
703012
505320
964430
213961
772550
396251
669838
238081
28237
368955
121243
662805
279965
127312
35109
221093

75566

887177

853715
697454

694358

317087
553037
832043
144501
589200
299615

713040

874344
428105
345445
650924
57755
139430
314499
934126
581435
744996
81841
929425


167963
217306
853247
730538
462312
423424
737559
918597

490972

84141
331219
440873
528103
450447
36884
328384
467528
466878
324659
292246
68024


988286
289406
195228

68140
806831
274873
533445
89104
16192

415154
455959
102493

930786

578110
714003
761585
81143
387377
449621


357805
351676
878962
374112

659395
885604
929606
821165
523318
727571
736247
412154
657495
232638
186440

341779
313834
173119
187593

692411

772338
830760
987076
499699

972776


759330
636601
998884


721335
449115
299708
450706
24493
275196
421851
404274
240174
501569

865909
33762

558230
792789
628752


977825
911722
572467
420915
155770


634661
330058

725923

749535
443958
942638
568761


750306
466640
885473
830504


554184
744439
139958
253861
972391
406866
391562
461968
515749
212936

934854
262902
394671
789773

602861
530294

983637
701580
691400
796235
355445
39273


729459



743548
830747
627775
864428

106282
220120
125653

349043
706365






946721

951864

323081
832867
399931

822471


360577
34916
155528
199852
243912
430882
429015

712166
75590

943623
444376
338647


822580
387130

674452
754522
784689
276830
481416
289449
771833

437894
771862
564545

160504

401829


458539
46330
702958
48762
790181

854122
392216


524881
258691
729078
446726
81287
894177
433794
127391
525261

103086
416514
639188
257819
995753
803562
588423

163987
530407
184174


525432


829048
601192
317841
638229
497916
544102

254811
856943
60294

366266
437665
78684
570403
471162
762853
12177
99439
337333
811360


743354

305559
394186
238863
987413
326765
985400
769947

487593
647137


32951
593449
595436

413521
579902
16857
251176

809918
311630
784169
827101
424013

387325

86859
653223
11769

369151
81832

105456

981219


75199

883290
453177

407714
41528
36902
750649
39198



185669
524017
446913


959971

335421
453767

224472
529550


795765
523126
7965

315485
913862
605776



891618
668821

333301
673930
83567
828479

439683

464341
857240
322997
510445
540254
327646
494004
844625
833385
47059
634283

75108

389306
465181
213346
878839
976867
252895
485416
602055
481286

759722
883688
452564

255142
765732
868331

570091


832020
295175
646802

642414
334126
249180
820208
625583
776765
370283
888119
303931
366550
721544
241757
61941


515930
529400
763924
852037





257180

968991
540054


528330

338002






609906
51345

946805
942122
515334


886098
732076
272563
326648
620125
849908
874704

4568


232590

959819
841311
438885
609810
208627
257241
231973
757781
186238
244847
998836
193614
961718
871740
876676
28560
68078
679716
956316


518160
27090
370764
935164

862971
817337

603300
39743
481677
364141
175785
831810

923323
29715
216015
38316
953152
13498
833182


295723


296694
243196
967828

962828

978463

804431
714038
40720
176666

785135
404707
705974




122944

509209
622888

889831
783787


194396
101805
487731
904965
355183
295775
843438
177420

673090
538665
242071
111537
127641



32903
979316

699789
439602
120334
243241
56455
302785
707205
941489
468236

601884

638388
435242
913711
259225
641087
634728




874797
535745
991008

200481
198146
19258

716337
243848


691127
66150
217239

187618
796972
23273
200841
463176
814974
60534

20201
349590
327958
678106
366416
78914
293083


671972

248499
268636
915416
9934
614597

822028
165141
538681
112360
321951
625535


511419
486231
551804
737146
782281
981547
784119
229373
902290
793386
563466



371333
379725


311537
905470
862761
107518

664117
253715
908564
129937
177297
244067


976002
297189
786641
946651
288562

880072

303165
143830

976073
204398

330397
789442
386346
28260
416394
806206

231255
22902


943504
451164
893921
946266
22561
416650
512083
251076

30355


887459


844951
624352


240646
837318
383437
998819
812885
687267

445610
528669
983696


697047
655164
574177
709683

716166
600581
229895
701261

97464
938995

637202
504330
28662
267806
568442
661597

815608

110347
818524
353696
155091
427195

284066
872523
480006
477886
954329



891437
678268
775398

620097
745836
301888
729711


80756

653586
354248
793736
795888
733717
346544
529237
133618
95408
100966

134454
332060
96461

155099
712088
427582
32165
207481

781139

709194
458004


163846

826056
401618
884654

93709
972549
160634
690430
593320
941030

376737
319854
876260
2193
119293
748750

345049
787812
583389
366337
275661
66616

395288

945454
811198
115520
974038
22445
997920
736064

720644
759866
53340

513506
662522
849310
872259
242811
621920
43153
572542
301040
339241
379602

733105
421391

655062
897724
179050
687452
452738
95560

170647
30052


249525
988800
800491

667581

139999
92446
171473

775123

302945
424546
181136

286292

655161
199197

833396
474850
318307
501617

59138
231040
191050


366778


996679
180347

229529
844973
611933

526742
69315


520443

362202
93720
111873
586592


590342
706899


451376
372732
843308
761688
122433

823110
480834
391926
984391
274468
517257
982911


923339
631221
295583
879281
982273

794295
923090

31089
12302
718766
359870
772283
43516

44015

612474
357514

758172
735051
854297
654124
787842
949055

296360
638768

337863
346943


250267
103512
36051
601860

219847
824904
575350

814275
256763
222644
696855
724670
667194
270483
818295
146835
2525
638809
652103
504323

691514
284277
909012
672615

386618
527729
497027

710915
44071
605068
889512
563022



620791
806006
498968
479817
519507

800092


987559

828204

116381
677462
618587
306474

82758
755405
671364
535517
738315

877288
964352
467926

830009
331789
404573
813509
602869
360996
152965
354184
196524
168386

743079

458681
867612
553926
508357
400315
835136
92284
641551



68122
303990
368126
597971
260596
601816
158611
768861
664088
182052
360540
194162
225163
659103
40180
548035

637431
543342
881460
765287
986710
966064
530166
30718
422016

117401
227700
24322


408206
174935


71128
160852
187419

213390
378517
875336
8609

635644

798081

30613
41399
791342
834838

303777
904166
513243




208343
159930
503919
723567
184616
280683
360852
455568
619492

433450
427303

414786
406370
693733

94419
651421
470301
38398

317480


610486
221484
298777
776949
520415
493676
839963

737758
692552

403269
335744
374158
502172
598580
911533

4061
389132
856676
857940
512405
956865
524968
628455

412683
538176
23991

936750

267811
922171
883816
443191
816470

454632
937224
623559
960363
566


383150
99551

84043
195570
855485


635244
894212
803544
245085
454178
384938



719086
995970
699292
857009
306198
355408
487299
805143

76283
250656
674209
530452


511412
593182
162739


857181

934982
542543

267648
90615
733784
720560
864070

318240
810827

219831
759014
592991
430977
882010
174342
317771
515594
409568

9481
889213
853005
370011
168816
416400
757150

79748

683366
959898
729325
376109


8512
882566
56656

628785
421099

404628
250127
230852
224111

678860
911906
366892
77893
195187

723419

378272
496966
128726
177596
868462
897078
999097
695466
801411
257862
693538

771188
926658
511428


544824
84309
182700
940239
715980
353540
24595

943221
65111
493132
916600

420701
679910
596115

628510
674626

852816
749398

687616
413558
854627

485076

964178
999971
266757
553149



309971
423651
448694

871897
950966
805221

475838
525524
313769
980949
671114
737538
848563


107943
206866
833651
11711

940397

13883

893661
221255

82630

708066
284577


121333
222426
478184
893514
788952
656878
389775
409899

333150

151815
410425
795897


713136
25866



666773
957347



563992
110211

248295
405704

887435
515461
998808
6801

83418

815612
488637
9010


417174

556144
807934
775776
468356
755203
621361
726602


380504
517419

891828
553675

85463
190414
72014
889673
250924

40655
925782



667763
962374
656129

752268
373016



6198
791019
853185

624793
722042
139194

704167
159680
860031

804152
792343
153754

840510
197840
662022
52822
86593
421490

333505

314846
822535
316863
519261
958343
967991
108736
406214
311503
46718
269221
938854
127388
975149
163258






819187
793526
914622
749819
412736

470694

356414
712778


329956

403040
551057
119676


27501

344691
238308

842823



753223
671498


267332
526755

691299
778791

953586
419888
781462
637620
77960
748823


493821
590199

968516
36870

823015

516161
396100
425728
370651
549262
811588



444512
671407

658635
474869
997579

732830
765541
338680
904803
236844
351366
528199
413261
551782
769580
926715
817375

996536
190874

775382

827906
174682
725799

361318

600373

646842
650374
117411
37670

73845
216621
330963
528987


570732


60329
659959
997207
501497
687815

289865
96356

865379
8534


299715

856410
411670
496903

839909

716998

151037
311161
753028
46415
871655
259041
777381
351949


344233
932093



784456
562626
541859
561651
923805
35643
875533
180853
985052
131482
546814


155426
608804




178732
169800
31244
775834
298183

242129
233756
654081
57735

797755
172408
290885



924623

300122
328765
205310

215246
531805
481971
378175
664906

517036
842384



874476
832694

152936


746937
73987
92836
146953
56743

932796

276764


95131
641617
367026

28923
31906

182972

822897

432882
9227
830116

322873

855208
620030
552916

485819

942476
360024
463695

542943
768778
874301
17320
772570
959989
159753


293334


683759
39000
908501
647810
780785
479819
955770
57396

199023



401985
920467
195975

692802
450012
45510
883707
640182


778208
480544
487654
430957


386831

668494
730423
336777
820446
194859
730088


744052

808593
94812

805088



579235

917599

883198
526507
197567


504934
499465
16082


283095
763357
393599
224489

388923


578549

627599
655082

729888
464450
899955


489309
348991
327712

896011
91396
70930
92208
246387
768398


863716
794492
614529
893480

396673
633712

369628
846886
808896
852171
249163

983834


306643
44332
572927
520988

299528


891919
488674


117748
940887
822470
997838
979284
956377
390988
558902
219026

982392
50005
231831

533595


893514
883831

987380
752240
753985
146461


110817

643845
119149
83231

709452
265527
627180
229751
860471
251550
582733
902825


473220
486876


668770

875323
578468
526745


311424
302293

98513
18883
467803
42118
160367
853834



943921

260997
866011
283990

336188
12105
141207
775052
859059
594949

585197
836243
302228
132202
53933
169962
210690
410153
625920

349637

442555
930080
77804
678576
313169
922182
592350
234356
553860

584062
906200

813834
978639
246915



45691
908178

330864
256136

902528

607290
818504

907517
913218

123771

50134
125502

895035



942825
317496

799114
606481
84974


668336
606768

456424
910055


559260
454630
246305
211035
304139

475869
331951
467508
771829

995659


164191

98318
731323
414662

297747
857257



639009
126496
859925
672640
288385

843520


567162
20262
479225
486683
75828

874917
247455
649350
93259

943151

322301
528388

450186
980870
681917


474663
325594
829553

219987
742238

826700
690675
338166
191148
994968
526200
179458
927363
84063

210706



479410
317757
346420


59925
946661
324689
307606
217771
995150

123249

60006
908428
817225
824096
758223
631041
591542

898632

176578

87309
118315

884210
210595

481166
378022

292742
828445

74862
804348

776380
143107

271284
142098
989711
480947
262831
899112


707568
42322
225448
15710
403582
591823

343612

359182

815762
874580
237833

577679


332303


573394
192142
68055
558906
781302
106291
78786
721571



467805

789832




538225
284050
5300
205164
964346
198605
782162

96729


512280

611104
645151
617046
796473
403423

610867
912085


159082





258072
490433

722841
995443

148204
378752


192158

249978

677761

459129

964606
42755
732214
342204
756061
801126
711911
11198
622406

364206
185252
762155

838383
546808
58195

895145

343969

562733
37375

529958
744814

749215

417439
852445
853657

262947
489282
973711
529231
580868

180444
974221
940550
345864
312931
442084
184970
46128



633969





654188
410238
112059
814529
492422
314709

281798
474360
296228
922589



569829
56144
222312
357228
145275

637172
459926


180514
528084
783177
415978
774248

911674
604375
132150
143926
250308
417959
306576
347371
420946
53506


992418

461065
234153
715065


29887
776926

783936
12330
653774
141476
12425
592392
652732
598684

260381
597230
310666
769055
485418
687618
733972
362340


538911
604592
491553
383772

715972
145129
666292
612767

496607
974083
880418

581283
461510
467032
945611
710740

531915
857384
835431
503056

411597
173930
814872

849035
589768
693027

331724
15426


115325
660420
216765
340030
104098

797038
829679
564042
18699

926832
149539
67086
501075
122831

504940
449750
291048
491676
80503
626066
9360


233761
539796
258710

438516
811659


198330

646678
693163

134169
579237
427949
785947
581960
940460
217599
837204
880814

632566

561741
729390

465931
300422
686190
383417
461077


627062


577812
832878
925047
445203
945205


453405
685490
164597


176938
228424
942764
232452


740977
422291
902239

725811


824044

262876
27424
356582
872756


907167
146803
27901


237303
888820

641554
340835
171329
662957
309484
636439
846590
658375

58875
780543

704283

426997
134382

99448
481357


756261
420701
725004
572528

769415

730069

467971
110164
205055


228854
436063
449699

174035

751875
33778
236265
518342
300612
819881




937607

297413
95711
446520
5038





215645
469717
974691
159927
538814
901972


737786
575874

192259


646186


894646
460786
349530
845433
843103
105527


840731
101985
258782

295624

760555
812296
530803
252070
606216

549402
453993
590866
387988

879663
814339
159007
900064
454023
394059
750089
668108

276686
287186
405341
126192

678084
509760
706242
897269
121008
270019
716301
249391


947604


993965

387590

614804
688534
437829
237457
899638


323901


703599
380868
271392
183435
610584


298873

371749
457767
546144




516185
327183

602268


956388

408604
578503


769978
728238
73315
714862


935878
533002
967172
274389
192177
531424

677515
8915
843047
976092
212866
474300
877766
455213
89342
727965

995391

697040
703302

595183
813163
815219
273073
666031
639709
722537
385715
407183

404559
464654

679452
319756
122307
307994
915006


538655


900407
780011
197272

706707
494160
307309

235917

512533
394515
533325


401355
319628
771345
163921
802890
471437
98872
199199
687744
933421
896472



555218
198687
160619
349412



42045


495048

550536
314499
409330
911082
535679
315293
435086
477710




805356


291144
462279

884189
698436
228043

764587

349563
574365
981417
476358

792831

800443
455809

143865
989095


233659
470730

539170

56312


637468

708977
374089


417867

621736
659902
169370


875017
333199
257902

81262
507662
107090

7125
976588
284696
107720
513850

648357
88696
149395
364713
406869
738185
980235

928892
72180


940532
418017
321918
607572
311333


314560
629045
229865
18609



792756
588030
407481
885762

430987
349643

853873
328437
402838
731196
138294
130600
888744
5932
496004


289654



747396


799435
589784
7093
298113
270298


926640
553918


327244
187915
230683
722971
645007
129317
441802
378348


27587
804012
724151
649434
527766
255174


637418


298985
630279
479041
837920
956877
753776
294687
739085

780935



76543
664878
11972


824498
19387

471145
523981
31213
889833

699591
163826
843479
544344

181603
649480



314117


791465
796848
415459

456176

195547
197723
33494

360734
412964
9705
305473




174006
361542
249749
566238
699102
791659
499528
491159
219161

16681
17069
31022


215583
823000
680338
12185
453953

123910
143706
272566
276883
739223
227420
135937

238451
741603
350586
343247
560250

464363

826824
737450
175411
92008
550556


123511

359916

678073
761059
129128
859205
476203



490580


679854
565657
876772

313945
818926
713513
720435
844925
435320
281961

170954
271043
813602
402341
318179
927600
821648

844619

846160
402910
935885
859827
434248
944814
487294
253120
994226

744806
61426
231060
630708
6642

187129
283158
604253
662674
260760
96414
328094


864858
366084
474735


121710




133803
784916


311241
612595
200241
154364
742152
221799
237833
97449


176801
220720
443851

80917

435271


127570
601325
741212
961686
387022



768633

399652

813080
610600
603687
377851
525641
379131
732938

326433
701410
882425


61806
614361
911332

736267
544600
631266

923729
407994

229293


991831
19960
206815

245939
229469
605466
682662
319529
436119
864805


741478
457492

560504
121167
272920

320871


557320



929359
45101
440618
419803

355042
767257
717698
280420
665115
808624
545518
958700
598363
381531
